8.878396880394257007e-01 -4.601403012699392114e-01 -3.404627625014043906e-03 -4.040437477002144951e-16 2.274122837142641181e-03 1.178648951210868427e-02 -9.999279509196162818e-01 1.378370497448548882e-18 4.601472771921801264e-01 8.877679774649402944e-01 1.151092873891819759e-02 -6.255972906714001735e-21
7.856462659590335296e-01 -4.169767797495668726e-01 4.570451946299282642e-01 8.557979256692280767e-01 -4.580682635687560733e-01 -8.886115088309585186e-01 -2.330348223490059240e-02 2.134595457728797989e-03 4.158526309832997203e-01 -1.910496048748830666e-01 -8.891381432496409110e-01 4.398440222652542642e-01
9.068877811237527897e-01 3.932788609537778146e-02 4.195329186413214173e-01 -6.556612980832651205e-01 -4.194350298527119714e-01 1.796139732799822974e-01 8.898387923298427538e-01 8.759641741728217967e-01 -4.035849577091869117e-02 -9.829507301883687598e-01 1.793852107651629779e-01 -3.599627558356288115e-01
9.983073313288781669e-01 -4.438418844514448874e-02 -3.758345421964217475e-02 1.965642375100725481e+00 3.747429561182191032e-02 9.850863641483950106e-01 -1.679301412412144423e-01 -3.382893389152064056e-01 4.447639130383476691e-02 1.662374776786580965e-01 9.850822055197354654e-01 -4.669311105275971707e-01
8.689420103913062521e-01 -4.932499571079890788e-01 4.054950542340239605e-02 -1.879827116491046946e+00 -4.176122292787819851e-02 -1.547157254182608688e-01 -9.870760074927716898e-01 -4.696652229855541316e-01 4.931488445050679625e-01 8.560184134241908271e-01 -1.550377149020459866e-01 -6.361024033690826363e-01
7.890182369503581095e-01 -3.696503714769261428e-01 4.907227573963938161e-01 -6.069115366240253273e+00 -4.916294509303979487e-01 -8.589020043515919189e-01 1.434845981236130275e-01 -2.711840844185945953e-01 3.684436249110913941e-01 -3.544657244188636480e-01 -8.594203543520398947e-01 -2.994980263315716762e+00
9.254858156720791040e-01 6.823198034544118717e-02 3.725860999123919992e-01 -1.531160794742233655e+00 -3.724173398624074371e-01 3.434761156716386044e-01 8.621655774460800226e-01 -3.077361792089221559e+00 -6.914716161633648051e-02 -9.366795368861557947e-01 3.432930456900369354e-01 -8.724503718907010708e-01
-7.098988681073347129e-01 3.586105519485045523e-01 6.061700001576415531e-01 -5.581710165738154927e+00 -6.921400408784902369e-01 -5.144807518017411319e-01 -5.062131170151940029e-01 3.052556620614916838e-01 1.303294321043730886e-01 -7.789146474785957341e-01 6.134380254521618614e-01 -4.971566143859032394e+00
-3.505333900660088653e-01 8.690181535914424105e-01 -3.491901934152116804e-01 -1.099493937984254543e+01 -8.486119778736046504e-01 -1.369821901132783903e-01 5.109731799235843752e-01 -4.950245203034330466e+00 3.962121318918456758e-01 4.754401416795717150e-01 7.854760456063750729e-01 -3.959154916864827012e+00
-4.699201183768542123e-01 -1.384626586955297889e-01 -8.717816094020623963e-01 -1.401471498713299191e+01 -5.186199905685723310e-01 8.424916584925130625e-01 1.457433043168368525e-01 -1.219538826828604527e+01 7.142887285456341884e-01 5.206110808631537745e-01 -4.677132826370886676e-01 -5.882946044744268299e-01
-8.186765462699628904e-01 -5.593426000018018041e-01 1.300175696231524458e-01 -1.846167597692162587e+01 -3.914720964663473968e-01 3.779542163041124669e-01 -8.389876090063478342e-01 -1.713520775954092912e+01 4.201408219582213333e-01 -7.377577286624450448e-01 -5.283892727176636717e-01 6.160896928525400718e+00
-6.682983125767307797e-01 4.855388217739503021e-01 5.635862116459734450e-01 -2.695808744982670646e+01 -7.327628135703786461e-01 -5.602394909523861211e-01 -3.862516949164565561e-01 -2.122104368960210508e+01 1.282030594623961295e-01 -6.711063740777438724e-01 7.301918995830520842e-01 1.055750753622177029e+01
-3.329049296805333680e-01 8.135675763578829045e-01 -4.767411315311081976e-01 -1.938595875642457855e+01 -8.295826269545329978e-01 -1.233144107708485961e-02 5.582477949944633089e-01 -1.296045579789267777e+01 4.482934004082787527e-01 5.813396032097974953e-01 6.790267247246307702e-01 9.082475762360598281e+00
1.930278000869014021e-01 5.527573290718177379e-01 -8.106784834636990844e-01 -9.493333194031656319e+00 -1.120974369320369840e-01 -8.083838285271558455e-01 -5.778838554666911875e-01 -5.908598967724378426e+00 -9.747689126284655448e-01 2.024226294987037655e-01 -9.407787221207453143e-02 1.023049829223495699e+01
3.574507059473660542e-01 8.986246857314105219e-01 -2.543671893382770666e-01 -6.160309662227136940e+00 8.476250951896144858e-01 -1.977987068828394035e-01 4.923488291448204213e-01 -1.235994293887526396e+01 3.921233107359584080e-01 -3.915984496261464276e-01 -8.324001221935707351e-01 2.113760153289114641e+01
2.023561365965879655e-01 -3.797048903023620414e-01 -9.027049297872343780e-01 -1.197713660494035715e+00 9.786583546908033115e-01 4.473370520843529541e-02 2.005660001401455006e-01 -4.806225524324307941e-01 -3.577455486229395853e-02 -9.240254822778419808e-01 3.806535029729906094e-01 2.664724880652190109e+01
8.094578142741588600e-01 4.187845835189886734e-01 4.115792991846529136e-01 -7.331844050749822372e+00 -5.815595122929341221e-01 4.750588470981515488e-01 6.603844527662517949e-01 -1.032291624648066808e+01 8.103444065400389196e-02 -7.739112122205004107e-01 6.280882541707738520e-01 1.728629393025851257e+01
9.090082347599520718e-01 -2.141240420341744034e-03 -4.167726529273001468e-01 5.438323659569932467e+00 -2.113771659569080308e-01 8.594664152934131662e-01 -4.654429875878658973e-01 -1.953931507250954169e+01 3.591987233421403136e-01 5.111877307527586956e-01 7.808094396696444450e-01 1.860883819412291729e+01
6.152719166781466242e-01 -7.882939758590240542e-01 -5.751188709666444493e-03 -9.745904372917181036e+00 -3.998868283058134576e-01 -3.058121350012559247e-01 -8.640425120522096103e-01 -1.595934103272906945e+01 6.793607238387565639e-01 5.339209170938595816e-01 -5.033859962245029740e-01 1.263765548615534051e+01
5.418237554046907434e-01 -2.975083449509359212e-01 7.860762067151725319e-01 1.132846944039577863e+00 -7.533176605533061787e-01 -5.866696792396668414e-01 2.972056354770592490e-01 -2.298092529062010314e+01 3.727459193306532081e-01 -7.531981626009082165e-01 -5.419898592012258876e-01 2.456510086616648891e+01
8.420868896349013033e-01 4.450317591341877432e-01 3.046906688215935688e-01 1.117797842362720218e+01 -5.334011117247150491e-01 6.035666851561847235e-01 5.926132892371006600e-01 -3.688349983171936231e+01 7.983059761681433886e-02 -6.615542229715624112e-01 7.456360276654001584e-01 3.150993345500383924e+01
8.888527999263624579e-01 -1.117381341182930865e-01 -4.443594147160950247e-01 2.748901572678453320e+01 -1.995127003807479205e-01 7.786563818560490180e-01 -5.948856372292337102e-01 -4.727374130693012688e+01 4.124747052242725420e-01 6.174211110567987548e-01 6.698177283198322174e-01 3.310303614529749439e+01
5.844339115806916896e-01 -8.048020543586456022e-01 1.035888811340213156e-01 4.554469282867724900e+01 -4.490995396174478627e-01 -4.271389596472797145e-01 -7.847687001064955759e-01 -5.137895263518766598e+01 6.758303089606827463e-01 4.121237222625576124e-01 -6.110707250708100613e-01 4.143574070879513727e+01
5.647195446074706471e-01 -1.864444956279239785e-01 8.039466934992535174e-01 5.799583901880301084e+01 -7.608089421950222642e-01 -4.950781930796660513e-01 4.196037847935443765e-01 -6.087144568675485345e+01 3.197836603305823089e-01 -8.486082917265334036e-01 -4.214289712378027630e-01 5.573667683962470676e+01
8.708903086500339175e-01 4.516703825964452079e-01 1.937625758102742568e-01 7.043677916202364031e+01 -4.835227034488047693e-01 7.167544253028731438e-01 5.024628235584303049e-01 -7.757576077131379577e+01 8.806739208702940580e-02 -5.312786079769559189e-01 8.426073671390850173e-01 6.283708604674647802e+01
-6.981396218969184719e-01 6.517118958078350621e-01 2.964332525210155445e-01 6.364690696682603743e+01 -5.054756292076163504e-01 -1.554406490432329035e-01 -8.487240970434302145e-01 -5.813553907249870178e+01 -5.070458131321035067e-01 -7.423677050408229450e-01 4.379437565460079229e-01 5.280588303445514953e+01
-2.230826973507016309e-01 -1.979508782951591717e-01 -9.544891617639841286e-01 8.636884784304091056e+01 9.627982641225805160e-01 1.084308947358130354e-01 -2.475121081267341872e-01 -5.224342870362938385e+01 1.524913530180779797e-01 -9.741961767780500381e-01 1.663977055303031971e-01 4.884472875585658613e+01
9.512233745981746313e-01 3.079907262460080952e-01 -1.777087967772739141e-02 8.680610839590451633e+01 -2.352346827752890279e-01 7.613756254853316641e-01 6.041289605178951083e-01 -6.710829572583159575e+01 1.995964319262073516e-01 -5.704812612726904986e-01 7.966883925971623981e-01 2.924184958923525812e+01
-4.995621415006856747e-01 7.372676222554337411e-01 4.548341675303988474e-01 7.525084231836183335e+01 -7.080653711067028677e-01 -4.502640307492894456e-02 -7.047099071715002827e-01 -4.920482438140396653e+01 -4.990802510807056946e-01 -6.740987139877623324e-01 5.445271589014343272e-01 1.540789282710633756e+01
-4.684133988296958484e-01 -1.253593057587119586e-01 -8.745707131253075417e-01 9.825686021352248645e+01 8.828416591234740096e-01 -2.793328394219609517e-02 -4.688393504861977368e-01 -3.687177191878903670e+01 3.434374343205640057e-02 -9.917180930626917634e-01 1.237567419544259306e-01 1.215241013448801333e+01
-8.185924207071519909e-01 -5.623575368275225417e-01 1.168779257776665359e-01 1.109422073031070397e+02 5.680231889386906374e-01 -8.227808242980597653e-01 1.952874792016363881e-02 -6.080400851699948106e+01 8.518277753588594792e-02 8.237545715011546088e-02 9.929542680660495835e-01 1.112975152867299578e+01
-6.742766502387519401e-01 4.737996216495413138e-01 5.664493953280932415e-01 8.815238784623247170e+01 5.114285263864233322e-01 -2.537310617994076312e-01 8.210124302812717989e-01 -4.487458005618644563e+01 5.327211853690647647e-01 8.432878908195592382e-01 -7.122971189104274070e-02 1.349942472025520956e+01
-3.369219453330408176e-01 8.187219292782178526e-01 -4.649494652883855439e-01 6.875045545004076075e+01 8.312761620541165852e-01 4.905490699960951551e-01 2.614221725993184919e-01 -3.016830027204365194e+01 4.421125932990153107e-01 -2.984225401086890717e-01 -8.458607701043361349e-01 2.870910529560332947e+01
-5.112160310858929746e-01 -2.480860235597049657e-01 -8.228678475157017447e-01 7.877439597501368951e+01 8.594482381547957628e-01 -1.446395787444288428e-01 -4.903347001725000265e-01 -5.464691667466198766e+01 2.625927152129075084e-03 -9.578792811074742231e-01 2.871591672428785436e-01 1.563435067590692462e+01
9.818525498066921209e-01 3.669972762480641637e-02 -1.860610126554347876e-01 8.439468886208666731e+01 1.085371929880199482e-01 6.957898430672581069e-01 7.099973042362381914e-01 -7.609360634860082939e+01 1.555160704762777180e-01 -7.173072035583559769e-01 6.791797461253625823e-01 -4.881441653254652735e+00
-2.639040453323707736e-01 6.954838073010916055e-01 6.683239698224143766e-01 6.367206960965975782e+01 -9.080755088202243641e-01 5.446129605830785092e-02 -4.152503311407999553e-01 -6.321800275628689292e+01 -3.251976708682046135e-01 -7.164748711669024495e-01 6.171792558473336854e-01 -2.401822457130393573e+01
7.480458532486451706e-02 7.229468185067731145e-01 -6.868421737381255054e-01 7.214118626514718358e+01 -9.971779340176744055e-01 4.983809908068376204e-02 -5.614563017965625707e-02 -3.432878387904726480e+01 -6.359396403887617594e-03 6.891038103877843435e-01 7.246347332183421530e-01 -1.375272795698021611e+01
-2.479900065376045848e-01 -6.356560867507323742e-01 -7.310556039277913420e-01 7.449236406176395064e+01 -9.110560667521797606e-01 4.095848786626582472e-01 -4.708577709826559932e-02 -6.674991221533466046e+01 3.293596816423202123e-01 6.543558409211638338e-01 -6.806912909394604583e-01 -1.403550944626669761e+01
-5.580141756881485948e-01 -5.423897123930336850e-01 6.280394729802274423e-01 8.265593659554205885e+01 -8.296066798916112983e-01 3.822399358039372808e-01 -4.069955628208051235e-01 -3.644930035935669821e+01 -1.931156157068423043e-02 -7.481350355161882071e-01 -6.632654311984734763e-01 -2.489834731853174787e+01
-2.076699390350638941e-01 8.079252729532488964e-01 5.514797818094465676e-01 1.015698805149109205e+02 -9.229663753644046231e-01 2.492310697271105449e-02 -3.840727908685077074e-01 -8.191095774136883279e+00 -3.240467039916791747e-01 -5.887576683681052803e-01 7.405120806373687303e-01 -2.432803859964601045e+01
7.122162745202442746e-02 5.946660015783140629e-01 -8.008119793996273383e-01 1.088732991359821796e+02 -9.961195495294188351e-01 8.402025721249391232e-02 -2.619998899349345461e-02 2.384745326942856281e+01 5.170418579184601904e-02 7.995704740326593507e-01 5.983424890702601084e-01 -1.315076001188377397e+01
-3.039057208302916036e-01 -7.366981478032020858e-01 -6.040837291882277249e-01 1.113229688545811911e+02 -8.962592513162841446e-01 4.360855422634252743e-01 -8.092437370034828714e-02 -1.143510277827955690e+01 3.230490168327396772e-01 5.168222507324436998e-01 -7.928014214614244048e-01 -1.141618398007642021e+01
-5.494623856394241779e-01 -4.051300055330755989e-01 7.307261904326454172e-01 1.004392366530659615e+02 -8.319799522171876793e-01 3.457028520193400345e-01 -4.339342083938370620e-01 -4.385311896185011449e+01 -7.681435983020760971e-02 -8.463800663546305891e-01 -5.270107564380545062e-01 1.851247860699469783e-01
-1.525141615525031635e-01 8.967700392644184504e-01 4.153828682115265902e-01 8.026432918238496939e+01 -9.375522949538898088e-01 1.669234364751713551e-03 -3.478403482681898806e-01 -7.452270145276345659e+01 -3.126261741323610455e-01 -4.424937404464973634e-01 8.405142264786685802e-01 -2.536493736524660036e+00
-6.429998814142350305e-01 1.898749205642518145e-01 -7.419559737895523588e-01 1.080222745084805922e+02 6.660831146292901517e-01 -3.395066182534970944e-01 -6.641299124176111013e-01 -4.967637303228283940e+01 -3.780005779189080650e-01 -9.212398008677203931e-01 9.183023679691948438e-02 -5.972032747380183082e+00
-9.118580363668814526e-01 -3.605766363088568349e-01 -1.962126674333997678e-01 1.325535819235082045e+02 2.850053740460217755e-01 -9.000865453526278870e-01 3.295696400460223496e-01 -7.510605979195838700e+01 -2.954434942218682747e-01 2.445990601440807821e-01 9.235174289089562727e-01 8.314594174822310890e+00
-9.006904747774789888e-01 2.411413759067559670e-01 3.613966041220097458e-01 9.720953876363722657e+01 4.026427475267726486e-01 1.508300534736285725e-01 9.028450104160956613e-01 -6.392485710268276478e+01 1.632038189173748710e-01 9.586976227126796646e-01 -2.329450186113562749e-01 -3.184195828239751336e+00
-6.328247016633465893e-01 7.381225290172284126e-01 -2.338974756638295127e-01 6.167828034296985606e+01 7.732668906941507769e-01 6.180224905536626512e-01 -1.417974503510352480e-01 -4.807516378181200878e+01 3.989000778267298708e-02 -2.705981029627956280e-01 -9.618656111703123290e-01 3.119137708715521207e+00
-6.677955909774160315e-01 9.224133341711135414e-02 -7.386071926813071453e-01 3.625579537696636123e+01 6.226947833729251647e-01 -4.744101801507415450e-01 -6.222428687654788515e-01 -1.721843551239334147e+01 -4.077992832647879817e-01 -8.754578901230937182e-01 2.593708294892671518e-01 4.751621601620259483e+00
-9.325537496715040620e-01 -3.473449476597524899e-01 -9.846314695796794247e-02 9.053814949570195836e+00 2.654509133740556859e-01 -8.445258889291330506e-01 4.650933621514539706e-01 8.199528649788511814e+00 -2.447025062448329458e-01 4.075874265279867403e-01 8.797688180276649339e-01 -1.172980414609962807e+01
-8.740556842426664419e-01 3.375991569118733659e-01 3.493615177655968740e-01 -2.942544408838250547e+01 4.477687447433784107e-01 2.807963346646792924e-01 8.489149366513861761e-01 1.928587298387679283e+01 1.884935332419340193e-01 8.984320940901872055e-01 -3.965979831450193727e-01 -2.189649137430593484e+01
-6.144958329189954549e-01 7.163193228272076718e-01 -3.305775235395863598e-01 7.258844422251662820e+00 7.888113246719207217e-01 5.509126542988621589e-01 -2.725287900437653454e-01 5.571453349911266173e-01 -1.309829739033060644e-02 -4.282311000823713076e-01 -9.035743242964137112e-01 -2.966851512120915757e+01
-6.960591378272745766e-01 -2.278951593814771207e-03 -7.179808375066770720e-01 -1.897086955203663194e+01 5.761874627719781872e-01 -5.984128870958168589e-01 -5.566956298571474893e-01 3.401377573930089682e+01 -4.283803034589095393e-01 -8.011846372324469279e-01 4.178438615932622557e-01 -3.016388045755299174e+01
-9.483710378562818510e-01 -3.171423954294094738e-01 -3.616016689709770308e-03 -4.891239236892499775e+01 2.540392544835641808e-01 -7.663968133073763012e-01 5.899999845201188142e-01 5.888624992798376212e+01 -1.898853120618851087e-01 5.586202874704786492e-01 8.073951589460793832e-01 -4.847305433676090303e+01
-8.443865673940711414e-01 4.294355557341975604e-01 3.203067721352828578e-01 -9.022923266660600916e+01 4.952901383753613995e-01 3.978562658671531138e-01 7.722681338358896586e-01 7.008082543633113914e+01 2.042033389359206308e-01 8.107376241309590670e-01 -5.486396824746765377e-01 -5.683764057899920630e+01
-6.013150283111909911e-01 6.779559224496489733e-01 -4.228427650351400113e-01 -1.275443329871314404e+02 7.960000950111644213e-01 4.623812944530127922e-01 -3.906243557206600103e-01 9.187153901192633043e+01 -6.931151036686081235e-02 -5.714711766619612332e-01 -8.176897998478780405e-01 -4.795145996326193938e+01
-7.268995391147398122e-01 -9.070626764605099757e-02 -6.807271355282580316e-01 -1.006127249261620165e+02 5.280272542054371687e-01 -7.076056654783474675e-01 -4.695545133413359662e-01 5.642803404744194040e+01 -4.390948403830907121e-01 -7.007614395731792678e-01 5.622536135555542547e-01 -4.494548939073272464e+01
-9.588112751625189611e-01 -2.709210878644803255e-01 8.533875304664839678e-02 -1.333937121155673537e+02 2.511301396391990570e-01 -6.681622672022700105e-01 7.003519384223377831e-01 8.035885263030627357e+01 -1.327199743295144341e-01 6.929364681105003587e-01 7.086779660582962492e-01 -6.464724821683988409e+01
-8.126184164085598072e-01 5.137555126451752718e-01 2.751482919088244494e-01 -8.969966682503303446e+01 5.437088593051063734e-01 4.983196382205399289e-01 6.753208233698244634e-01 6.879905879291841586e+01 2.098379985293196415e-01 6.983787019880047797e-01 -6.842771390180767410e-01 -5.848588492728801214e+01
-5.936978008293287701e-01 6.242416995161461646e-01 -5.077846215430498189e-01 -1.271725233767520251e+02 7.946065822039976023e-01 3.552192823687647660e-01 -4.923612910775064244e-01 9.373992390401932084e+01 -1.269775602557693395e-01 -6.958028183462742211e-01 -7.069194700762454486e-01 -4.894036564522819788e+01
-7.593445789763338949e-01 -1.702530232737978211e-01 -6.280204761354457599e-01 -9.951722326555429277e+01 4.797323648561586662e-01 -7.985463113421906733e-01 -3.635665644023202137e-01 5.691538114223227751e+01 -4.396051279145622992e-01 -5.773540479704982742e-01 6.880476980582861390e-01 -4.315645086845981382e+01
-9.635453425157588514e-01 -2.101381100406894686e-01 1.655969432831493060e-01 -1.350382503448744842e+02 2.568152760653255595e-01 -5.529190061707458526e-01 7.926704779381236188e-01 7.950071466848829971e+01 -7.500857881393561966e-02 8.063017718718517024e-01 5.867292099262075844e-01 -6.364330872265482242e+01
-7.797526936229414174e-01 5.879009169752170694e-01 2.153096574877052527e-01 -1.804962906191264551e+02 5.914985509804262520e-01 5.790194344285970462e-01 5.611291818663969311e-01 9.171540707933692715e+01 2.052198844552605428e-01 5.648973414468282384e-01 -7.992345041666312211e-01 -6.731413761172836985e+01
-5.918842767066753163e-01 5.568699465083234434e-01 -5.827253775692625704e-01 -2.177176553897799067e+02 7.846747154861156703e-01 2.328048039244217937e-01 -5.745324308918543510e-01 1.197845402631932785e+02 -1.842785767912465955e-01 -7.973065821536491349e-01 -5.747552698238310720e-01 -5.763543481037588379e+01
-7.923714567633041161e-01 -2.384115786772793844e-01 -5.615223892770562220e-01 -2.461674962706374856e+02 4.328252475973279334e-01 -8.683680027637384891e-01 -2.420729576355777901e-01 1.573414361152915149e+02 -4.298950796986621969e-01 -4.348527692549879475e-01 7.912605699276030746e-01 -6.633470649302554989e+01
-9.624240027080712689e-01 -1.367095905686507296e-01 2.346284868849765337e-01 -2.080048283683185559e+02 2.709154449584008084e-01 -4.242999701829891501e-01 8.640453442879689749e-01 1.363316172136068190e+02 -1.857042526098260857e-02 8.951424596952558543e-01 4.453932152114129517e-01 -4.568090722277628402e+01
-7.468254613361149374e-01 6.495344016576054536e-01 1.426772279076203020e-01 -2.546700754298119875e+02 6.371526864296255255e-01 6.374116661261403083e-01 4.332929979376751173e-01 1.495448345448941438e+02 1.904945785990211360e-01 4.145014221321837167e-01 -8.898878505602743072e-01 -4.672957945277278924e+01
-5.959316256572174675e-01 4.779644972380048262e-01 -6.453025933014485682e-01 -2.911558709463809578e+02 7.665175880072174763e-01 9.899686525786284552e-02 -6.345474040170074881e-01 1.804750348625766776e+02 -2.394081970550561989e-01 -8.727826533846463342e-01 -4.253635564240433875e-01 -3.752011237637981367e+01
-8.249390299105338054e-01 -2.930332968080552325e-01 -4.833291672267227557e-01 -3.204425275056078704e+02 3.887846070373571772e-01 -9.148696738300617914e-01 -1.089036695290539619e-01 2.180245731897955181e+02 -4.102707962566722877e-01 -2.777498278449289648e-01 8.686385363723135855e-01 -4.910776580555337745e+01
-9.554826049665695598e-01 -5.295029736584394575e-02 2.902572266372965837e-01 -3.609878522804256136e+02 2.929861511982805311e-01 -2.863597584631472626e-01 9.122265091187361508e-01 2.373096431781265494e+02 3.481532438919533734e-02 9.566579089422735382e-01 2.891254718039878990e-01 -6.924935579864353485e+01
-7.148747208785845020e-01 6.967130266193136690e-01 5.954067506948020755e-02 -4.082826503607473683e+02 6.792320601669076252e-01 6.716555708201306096e-01 2.958421921019928069e-01 2.518638438097766539e+02 1.661262829602628277e-01 2.519320398941918837e-01 -9.533794131323398702e-01 -6.768707268880332606e+01
-6.057122586519385621e-01 3.900127748998632460e-01 -6.935435783955350431e-01 -4.439350981253532495e+02 7.407075868515576866e-01 -4.198635892500100081e-02 -6.705142924985064701e-01 2.855128337483071732e+02 -2.906285094400044011e-01 -9.198517168974225111e-01 -2.634537690403237487e-01 -5.947287129677829398e+01
-8.560206350178427570e-01 -3.323962772160573564e-01 -3.959057808577230997e-01 -4.135785944389001543e+02 3.489987846894141987e-01 -9.365854012586609656e-01 3.174325809482303473e-02 2.484661394301399753e+02 -3.813509154426805714e-01 -1.109977524189933451e-01 9.177423267175641719e-01 -4.509632956969164042e+01
-9.429399706008759763e-01 3.849933331638508149e-02 3.307295166407457354e-01 -4.564988514283742234e+02 3.223316356563928897e-01 -1.434468119019703669e-01 9.356951046202200972e-01 2.661482078988337321e+02 8.346573247927688288e-02 9.889089005006284072e-01 1.228521795180823051e-01 -6.422248999529598734e+01
-6.849076905557525130e-01 7.279495282162236069e-01 -3.147919610427809406e-02 -5.041279741106181405e+02 7.164101578485945199e-01 6.806716402687456036e-01 1.531097771705551003e-01 2.824528650300679260e+02 1.328831861032359341e-01 8.231404803337866172e-02 -9.877076775784515705e-01 -6.017737783953656105e+01
-6.209178500480013740e-01 2.957873782963700293e-01 -7.259275792614139355e-01 -5.389813095687832174e+02 7.080583490508346456e-01 -1.857004995072682185e-01 -6.812992725830310237e-01 3.186599364149015514e+02 -3.363248397475039342e-01 -9.370299628738230080e-01 -9.412996783971010195e-02 -5.345471414318791403e+01
-8.846364524886562997e-01 -3.552596374098510035e-01 -3.020081736571303965e-01 -5.706398327380259161e+02 3.147219927561109021e-01 -9.328306163081551139e-01 1.754340575651715528e-01 3.547339472055227816e+02 -3.440471104426221505e-01 6.014674808813727513e-02 9.370239882150891431e-01 -7.041201703075510920e+01
-9.251914948584931686e-01 1.347564342666227322e-01 3.547695044183774016e-01 -6.158734451006008612e+02 3.580268083753895825e-01 -6.633237566219460368e-05 9.337113044643714499e-01 3.710115192607211725e+02 1.258471387280943599e-01 9.908787509194901810e-01 -4.818504591872943554e-02 -8.803778605284784931e+01
-6.578690539983413910e-01 7.422592038794872948e-01 -1.275130661835335022e-01 -6.634532197342979316e+02 7.475149734426259629e-01 6.641756510060694563e-01 9.595263922596800749e-03 3.894154649666087948e+02 9.181324670442748970e-02 -8.900549908214695771e-02 -9.917904762916093242e-01 -8.174282034512832240e+01
-6.410690572768370510e-01 1.982586781586497815e-01 -7.414337194496763983e-01 -6.975968909184523454e+02 6.695991124098508163e-01 -3.276150976930934378e-01 -6.665623574906515136e-01 4.279457870203654011e+02 -3.750566523368677463e-01 -9.237758625869900708e-01 7.727006690518642418e-02 -7.698105622852540364e+01
-9.098843944599727118e-01 -3.609026305591460093e-01 -2.045963830904801994e-01 -6.642890890484081865e+02 2.870347762198578456e-01 -9.037236851910589452e-01 3.176390058936691685e-01 3.931354757613336801e+02 -2.995353500985070694e-01 2.302884974986584288e-01 9.258756838588984017e-01 -5.767887693096317037e+01
-9.027966824458759643e-01 2.327865871047724855e-01 3.616193510154588342e-01 -7.116309029672153201e+02 3.989464111965480009e-01 1.392617396840933330e-01 9.063376461637049353e-01 4.082511289858430246e+02 1.606235074891741443e-01 9.625053624392335694e-01 -2.185944100785801592e-01 -7.332512244062222351e+01
-6.346111798620929223e-01 7.391909539767951287e-01 -2.255335539402668621e-01 -6.642820226128563945e+02 7.715659556627457727e-01 6.226876242307709530e-01 -1.301771819178871581e-01 3.873700485125849582e+02 4.421115759949251212e-02 -2.566259070879673976e-01 -9.654991027209701704e-01 -8.156973671043172658e+01
-6.655306316867340977e-01 1.005011788854774241e-01 -7.395731818618732634e-01 -6.977965049509382425e+02 6.265422697120559548e-01 -4.632564236392968104e-01 -6.267681151917385840e-01 4.278439148526697409e+02 -4.056029617134633281e-01 -8.805072396065612983e-01 2.453431035299514784e-01 -7.919888831895249837e+01
-9.309685423094666845e-01 -3.491473663892306623e-01 -1.067412280876545577e-01 -7.329571001964391144e+02 2.668099496358610767e-01 -8.501821776855810198e-01 4.538752202104928690e-01 4.610100423737386564e+02 -2.492188275502207895e-01 3.940639304596106340e-01 8.846488538992319794e-01 -1.004570546377650544e+02
-8.764615096466734645e-01 3.294994795874861548e-01 3.510631211897081716e-01 -7.822395171133025542e+02 4.438004905093708152e-01 2.701452123397884431e-01 8.544370596325651102e-01 4.753062569155324013e+02 1.866985450707273064e-01 9.046831805673607452e-01 -3.830039112946578284e-01 -1.137372872263713361e+02
-6.158672516738775693e-01 7.188415023218456268e-01 -3.224506518141134759e-01 -8.289327382420503909e+02 7.878049189643278050e-01 5.575154326063535004e-01 -2.618013599303310457e-01 4.988711252182634439e+02 -8.422468241875820383e-03 -4.152630936471852219e-01 -9.096623687298996952e-01 -1.039681833014031724e+02
-6.935314441842258537e-01 5.596597562225165759e-03 -7.204046182691213884e-01 -7.958461925937601791e+02 5.802451491294116082e-01 -5.883485067578531069e-01 -5.631710233202722460e-01 4.568176729796093696e+02 -4.270008229963268565e-01 -8.085880982870948808e-01 4.047907909882923483e-01 -1.035925480063556279e+02
-9.472242372729370308e-01 -3.203644190116038959e-01 -1.152750424291545256e-02 -7.585921138823150613e+02 2.546850824396729718e-01 -7.738939415750933914e-01 5.798479766077263564e-01 4.255429542219555401e+02 -1.946837258360616940e-01 5.463101740080746893e-01 8.146431370053176524e-01 -8.080506490726935453e+01
-8.470161690554685041e-01 4.218463249172729745e-01 3.234335905752509510e-01 -8.096072580668244427e+02 4.911750618769126220e-01 3.884581020415695529e-01 7.796456640990726550e-01 4.394183391038462787e+02 2.032502594065261348e-01 8.192349974897692455e-01 -5.362306881735940944e-01 -9.140216673810769521e+01
-6.022281548816055263e-01 6.818523470432661382e-01 -4.152091356166154879e-01 -8.556162493414440178e+02 7.957199446605469628e-01 4.707135707538269154e-01 -3.811279364958830018e-01 4.659821276112990063e+02 -6.442840318776782427e-02 -5.599161643851514603e-01 -8.260404770487359549e-01 -8.053249852682662890e+01
-7.241887943839774300e-01 -8.346328439363513707e-02 -6.845323003678637219e-01 -8.885265499343589681e+02 5.321672256747186358e-01 -6.989479318360425353e-01 -4.777759228967110028e-01 5.092107752250327053e+02 -4.385756878879251142e-01 -7.102856247597558736e-01 5.505866845949740629e-01 -8.393648506787707220e+01
8.886408632354976245e-01 -7.108323720743554841e-02 -4.530613529933800177e-01 -8.637670832309124762e+02 4.581903456674697450e-01 1.795531720988617352e-01 8.705298762974036375e-01 4.616369635455892535e+02 1.946852139235683010e-02 -9.811767586818171960e-01 1.921279388778402430e-01 -9.443613434058204348e+01
3.615654248793380432e-02 7.335922095754769945e-01 6.786274194913572977e-01 -9.009994642968524658e+02 -9.711423684747815255e-01 -1.343992667615872272e-01 1.970262349210157860e-01 4.508272679042535174e+02 2.357439386039896778e-01 -6.661676269109193527e-01 7.075630631027605144e-01 -1.332560476493769670e+02
-8.683455798550784310e-01 5.260892588939247716e-02 -4.931614896389651115e-01 -8.738350374006180346e+02 2.904642354557989137e-01 -7.520379104731235165e-01 -5.916667213324646735e-01 4.834175810901770660e+02 -4.020030868876981467e-01 -6.570169572606123776e-01 6.377477840061672731e-01 -1.683846078083498128e+02
-9.977589462425537903e-01 -3.763210694620667401e-02 -5.532548887944160887e-02 -8.258017230324213642e+02 -1.607838121927518404e-02 -6.677809562859080561e-01 7.441841708067014061e-01 4.672123753816710519e+02 -6.495052617437192810e-02 7.434059583758239054e-01 6.656793599031020081e-01 -1.462767400968080551e+02
4.678696999341091511e-01 -5.658411173774677838e-01 -6.789121988656535711e-01 -7.881692580360310103e+02 -3.284394255899656945e-01 -8.244813039383641629e-01 4.608233101463510839e-01 4.416686937132923276e+02 -8.205031917072042047e-01 7.376268780638517431e-03 -5.715943518415620428e-01 -1.145929605539564164e+02
5.943261528095032942e-01 3.354063165373935562e-01 7.309439287069043889e-01 -8.288543961283595536e+02 9.441725972399775402e-02 -9.316955557093311580e-01 3.507545759326650137e-01 4.221453105947237532e+02 7.986625101711468666e-01 -1.394488949339892925e-01 -5.853991805160139172e-01 -8.200900224601323885e+01
-9.763749098386836911e-01 1.147706174503124871e-01 1.830839720117193870e-01 -8.390697290603327474e+02 5.542752098473319178e-02 -6.859110984079805906e-01 7.255713300553270351e-01 3.816614133918854463e+02 2.088535978981457264e-01 7.185775326649461725e-01 6.633449360582820420e-01 -1.190209224928607341e+02
-7.823578016598006224e-01 6.131582753835498334e-01 -1.093306887873977395e-01 -8.937055130066247557e+02 3.815205787804124005e-01 6.105500720175787155e-01 6.940249689502536734e-01 3.848932951791915116e+02 4.922990129475316445e-01 5.012639413403000566e-01 -7.116011122552317048e-01 -1.074751320181026131e+02
-7.435221280830821566e-01 2.701610536790619022e-01 -6.117089586771111698e-01 -9.376992196193682503e+02 6.594712772728633654e-01 4.477763909548865273e-01 -6.038161459877724457e-01 4.061735783860562492e+02 1.107812236027200109e-01 -8.523551541337941462e-01 -5.110951102472501839e-01 -7.996246873176269787e+01
-9.409902865951521589e-01 -1.977468785991794431e-01 -2.746515110787980385e-01 -9.795627478290773524e+02 3.086787161005549729e-01 -8.342202391516871929e-01 -4.569398678340806375e-01 4.431718108177232693e+02 -1.387614166838163909e-01 -5.147550530048198292e-01 8.460333945217021201e-01 -7.356973600097589383e+01
-9.622783681909925502e-01 1.868299959572041480e-01 1.977748586709751066e-01 -9.266294029301809587e+02 6.190045968565885404e-02 -5.575246278118364263e-01 8.278493960099202464e-01 4.256355826464693450e+02 2.649314537807776482e-01 8.088639205663179510e-01 5.249290264442401099e-01 -6.585804303897042189e+01
-7.629184891467915008e-01 6.205633143085916847e-01 -1.812637632079996397e-01 -9.808959611262826002e+02 4.346224508275917109e-01 6.998840295943460355e-01 5.668030260640911644e-01 4.292319974534916582e+02 4.786007774279167903e-01 3.536432072769511992e-01 -8.036652149945734402e-01 -5.108243861529356877e+01
-7.593461032924044840e-01 1.974436419852594327e-01 -6.200076641899281427e-01 -9.376515821720092845e+02 6.482795525604314602e-01 3.114514463819447743e-01 -6.947889019541505506e-01 4.047990945878843831e+02 5.592063256707609925e-02 -9.295235364347693707e-01 -3.644981180570171508e-01 -7.806681784511908972e+01
-9.590234348810736664e-01 -1.986900378980412107e-01 -2.019809896722840892e-01 -8.946312004291854691e+02 2.565713730969232387e-01 -9.114399676689093344e-01 -3.216338226040132420e-01 3.681648976220176337e+02 -1.201881102941579765e-01 -3.602769131873216901e-01 9.250704643259038962e-01 -8.141129738128613269e+01
-9.448519152422909517e-01 2.596312195155327518e-01 1.996158513642273813e-01 -8.403042528846078767e+02 7.772259368090964071e-02 -4.143377147113887493e-01 9.067984652607596896e-01 3.534443806588685106e+02 3.181415670648826133e-01 8.723049283482422478e-01 3.713085715208822579e-01 -7.466854966048268238e+01
-7.464339058969858831e-01 6.150371462164648806e-01 -2.540978805525342943e-01 -8.940043178354856082e+02 4.853237932197455029e-01 7.643797546721248226e-01 4.244813380847187734e-01 3.579386298339304062e+02 4.552990663972201202e-01 1.935275159281013568e-01 -8.690511266413085689e-01 -5.677269266440677598e+01
-7.782374240102805096e-01 1.251334897147227954e-01 -6.153764064551644486e-01 -9.365813512539074281e+02 6.279519505652555456e-01 1.625332565191901502e-01 -7.610908541735155186e-01 3.853960958719302994e+02 4.781176753542618757e-03 -9.787362005551301092e-01 -2.050672818168935707e-01 -3.091341409638190640e+01
-9.738292807058942513e-01 -1.867381804305763282e-01 -1.295584192915754107e-01 -9.809528418082657026e+02 2.076764002402370080e-01 -9.627023914694959883e-01 -1.734203512918358059e-01 4.211466721222458318e+02 -9.234199923713906633e-02 -1.957880420975806057e-01 9.762888905178087606e-01 -3.045088544331281000e+01
-9.246449042206044133e-01 3.308792951463065402e-01 1.885489144555504148e-01 -1.036520154160800985e+03 1.023951444519806964e-01 -2.608641975311488115e-01 9.599297395325875337e-01 4.331919184700226424e+02 3.668065368713321339e-01 9.069006354005517689e-01 2.073263177180971473e-01 -3.568441650151876132e+01
-7.334237135447734257e-01 5.967539785772129068e-01 -3.255370108950370600e-01 -1.089510527382293731e+03 5.320262918197188329e-01 8.020040776282932882e-01 2.715464679942710680e-01 4.391047233104734460e+02 4.231284453009124258e-01 2.596437019976420568e-02 -9.056976152432842930e-01 -1.486561046549241993e+01
-7.996005583721028653e-01 5.551010926654982580e-02 -5.979611817001594387e-01 -1.047390901065931757e+03 5.991292806251250491e-01 5.716333127202430538e-03 -8.006318933400123905e-01 4.087923348985996768e+02 -4.102501856985541623e-02 -9.984417615989450434e-01 -3.782851499264289902e-02 -3.909205444181246492e+01
-9.849410831200098304e-01 -1.622680777348589898e-01 -5.966685621540470524e-02 -1.001479776600266860e+03 1.635351674955791978e-01 -9.863915088304241463e-01 -1.697175004077057861e-02 3.744021592118530748e+02 -5.610090707456935610e-02 -2.647380319271992050e-02 9.980740583593653570e-01 -3.693257150995490434e+01
-9.022943429419355565e-01 3.983281914595683815e-01 1.649229231597133805e-01 -9.448115698807648641e+02 1.351403320657085516e-01 -1.019421906210440376e-01 9.855683032751038075e-01 3.647942455780863611e+02 4.093922438739700520e-01 9.115604432290510539e-01 3.815165783949758804e-02 -3.370910399780019162e+01
-7.242980466819135543e-01 5.662901717775840060e-01 -3.933291000179032770e-01 -9.969646162977140875e+02 5.732576924379593208e-01 8.115709255810606981e-01 1.128195497784892365e-01 3.726146494191769420e+02 3.831030639834215878e-01 -1.437639527128674599e-01 -9.124494332656999385e-01 -1.026099249188502682e+01
-8.227620528152356227e-01 -9.231685021088283788e-03 -5.683109891942490499e-01 -1.038937938022395429e+03 5.627201514407632610e-01 -1.540558115756647251e-01 -8.121655238202754035e-01 4.055865682946289326e+02 -8.005395436679277332e-02 -9.880190195089593175e-01 1.319461309732289089e-01 1.190824811457364696e+01
-9.920085525640163215e-01 -1.260511277508820083e-01 5.490431002341027156e-03 -9.912334711197565866e+02 1.255391874541064157e-01 -9.817605416707143595e-01 1.427800799544642618e-01 3.729289157361915841e+02 -1.260730158375825138e-02 1.423283246974072769e-01 9.897392100627396827e-01 1.635442252719859368e+01
-8.785048127128056716e-01 4.598516427702966092e-01 1.294826655653697756e-01 -9.336413932516063596e+02 1.749258939858864548e-01 5.741843293933729386e-02 9.829059238665948106e-01 3.654427927051596612e+02 4.445562120291326469e-01 8.861374555904195649e-01 -1.308823293881059557e-01 1.711398081543157090e+01
-7.193445837340594062e-01 5.246060698791376042e-01 -4.553370633920040822e-01 -8.823475482949193065e+02 6.077182123193453078e-01 7.927787122684174514e-01 -4.669569347835263867e-02 3.552579903868100359e+02 3.364846865280325949e-01 -3.103069203546838795e-01 -8.890937357287667098e-01 -8.620099142778268941e+00
-8.469917620957958526e-01 -6.705096641543663305e-02 -5.273605245414475506e-01 -9.245299387979329140e+02 5.198723280051905649e-01 -3.117465046818775898e-01 -7.953281583051809989e-01 3.906475786164616579e+02 -1.110752786012253329e-01 -9.477965418387005458e-01 2.989046633330957325e-01 1.112332954595319201e+01
-9.948088934314596177e-01 -7.922903719552704116e-02 6.385941758864310813e-02 -9.741652686530213714e+02 9.488624915236167079e-02 -9.489554770575889808e-01 3.007991061891895912e-01 4.211826405355814131e+02 3.676772050980486872e-02 3.052970065812768419e-01 9.515470942108097407e-01 4.802212257676736762e+00
-8.540262570393919450e-01 5.135101777083658225e-01 8.334536386161550681e-02 -1.032686754149963235e+03 2.204976262196527981e-01 2.121939730756990661e-01 9.520265304191178890e-01 4.269567897550174962e+02 4.711899289233587029e-01 8.314331092639294374e-01 -2.944469998164799263e-01 6.905313782325467109e+00
-7.187194781575864111e-01 4.730157266369709457e-01 -5.096061558409603620e-01 -1.083272079354115931e+03 6.343215146234412183e-01 7.462198452833166407e-01 -2.019706874553394427e-01 4.399485792790059691e+02 2.847429152810079800e-01 -4.684144157254923058e-01 -8.363667899539229955e-01 3.458961942567762549e+01
-8.715258664596093885e-01 -1.161250341655381130e-01 -4.764007142436880171e-01 -1.040518161114235454e+03 4.719365493464526828e-01 -4.623846891701055006e-01 -7.506505795721764018e-01 4.024513976528806438e+02 -1.331110719767831241e-01 -8.790423059563915453e-01 4.577838647834506780e-01 1.759538966275409422e+01
-9.932538274995924565e-01 -2.327783028698778012e-02 1.136000738316508135e-01 -1.092357745472976148e+03 7.254265885210181564e-02 -8.890104650957116883e-01 4.521039212360255521e-01 4.306285513497442139e+02 9.046765612136736801e-02 4.572948015967944202e-01 8.847016828448251990e-01 9.853096523355521441e+00
-8.296303403341936944e-01 5.576122593060330868e-01 2.796545491509029938e-02 -1.151751234827847611e+03 2.704189209683325879e-01 3.575052703375410368e-01 8.939035679888635011e-01 4.351485169559105088e+02 4.884537906284567299e-01 7.491719094790706412e-01 -4.473861245816483923e-01 1.517074949923770255e+01
-7.224424358425749482e-01 4.131454811390485871e-01 -5.544255931216087729e-01 -1.201698594570533032e+03 6.522289542146063601e-01 6.733620509580636737e-01 -3.481105278696516314e-01 4.513192518868580123e+02 2.295088629617290932e-01 -6.131022424881081845e-01 -7.559307653998998955e-01 4.435660543199833228e+01
-8.955909503717617293e-01 -1.549068725011588654e-01 -4.170380204059710993e-01 -1.158021683164564138e+03 4.204239476967731037e-01 -6.012216319989104329e-01 -6.795412080364546803e-01 4.121034341070236451e+02 -1.454666759614853255e-01 -7.839237272008610091e-01 6.035752116482565599e-01 3.038280688278365105e+01
-9.873923768208073826e-01 4.003868158881371958e-02 1.531443703594856653e-01 -1.212314892348099647e+03 5.921277810603453595e-02 -8.038152182769039422e-01 5.919247771258062674e-01 4.377293382025289361e+02 1.467996631642562722e-01 5.935301162056544344e-01 7.913102173305832654e-01 2.172185567400201123e+01
