{
 "cells": [
  {
   "cell_type": "code",
   "execution_count": 3,
   "metadata": {},
   "outputs": [],
   "source": [
    "from os import listdir\n",
    "from os.path import isfile, join\n",
    "import numpy as np\n",
    "import random\n",
    "import matplotlib.pyplot as plt\n",
    "import cv2\n",
    "import matplotlib.image as mpimg\n",
    "import math\n",
    "\n",
    "#1)loading images\n",
    "\n",
    "mypath='C:\\\\Users\\\\Asus\\\\Desktop\\\\images'\n",
    "onlyfiles = [ f for f in listdir(mypath) if isfile(join(mypath,f)) ]\n",
    "images = np.empty(len(onlyfiles), dtype=object)\n",
    "g_images=np.empty(len(onlyfiles), dtype=object)\n",
    "for n in range(len(onlyfiles)):\n",
    "    images[n] = cv2.imread( join(mypath,onlyfiles[n]) )\n",
    "    g_images[n] = cv2.cvtColor(images[n], cv2.COLOR_BGR2GRAY)"
   ]
  },
  {
   "cell_type": "code",
   "execution_count": 4,
   "metadata": {},
   "outputs": [],
   "source": [
    "#Loading Ground Truth\n",
    "GT = np.array([[1.00e+00,-1.82e-10,5.24e-10,-5.55e-17,-1.82e-10,1.00e+00,-5.07e-10,-3.33e-16,5.24e-10,-5.07e-10,1.00e+00,2.22e-16],\n",
    "[1.00e+00,7.12e-04,1.53e-03,-1.10e-02,-7.06e-04,1.00e+00,-4.33e-03,-1.71e-02,-1.54e-03,4.33e-03,1.00e+00,9.62e-01],\n",
    "[1.00e+00,-1.38e-03,2.13e-03,-1.70e-02,1.40e-03,1.00e+00,-5.22e-03,-3.30e-02,-2.12e-03,5.23e-03,1.00e+00,1.92e+00],\n",
    "[1.00e+00,-2.88e-03,2.20e-03,-3.11e-02,2.88e-03,1.00e+00,-9.11e-04,-6.34e-02,-2.19e-03,9.18e-04,1.00e+00,2.89e+00],\n",
    "[1.00e+00,-4.38e-03,1.43e-03,-4.46e-02,4.37e-03,1.00e+00,5.55e-03,-9.50e-02,-1.45e-03,-5.54e-03,1.00e+00,3.85e+00],\n",
    "[1.00e+00,-8.80e-03,4.93e-05,-5.34e-02,8.80e-03,1.00e+00,4.66e-03,-1.22e-01,-9.03e-05,-4.66e-03,1.00e+00,4.81e+00],\n",
    "[1.00e+00,-1.15e-02,-9.93e-04,-6.46e-02,1.15e-02,1.00e+00,1.61e-03,-1.45e-01,9.74e-04,-1.62e-03,1.00e+00,5.74e+00],\n",
    "[1.00e+00,-1.21e-02,-1.79e-03,-7.54e-02,1.21e-02,1.00e+00,-1.46e-03,-1.54e-01,1.81e-03,1.44e-03,1.00e+00,6.68e+00],\n",
    "[1.00e+00,-1.15e-02,-2.60e-03,-8.94e-02,1.15e-02,1.00e+00,-2.12e-03,-1.68e-01,2.62e-03,2.09e-03,1.00e+00,7.61e+00],\n",
    "[1.00e+00,-1.08e-02,-3.55e-03,-1.01e-01,1.08e-02,1.00e+00,1.92e-04,-1.79e-01,3.54e-03,-2.30e-04,1.00e+00,8.54e+00],\n",
    "[1.00e+00,-1.07e-02,-4.25e-03,-1.14e-01,1.08e-02,1.00e+00,3.12e-03,-1.87e-01,4.22e-03,-3.16e-03,1.00e+00,9.47e+00],\n",
    "[1.00e+00,-1.09e-02,-5.25e-03,-1.28e-01,1.09e-02,1.00e+00,4.43e-03,-1.92e-01,5.21e-03,-4.49e-03,1.00e+00,1.04e+01],\n",
    "[1.00e+00,-1.25e-02,-5.87e-03,-1.42e-01,1.25e-02,1.00e+00,5.08e-03,-2.00e-01,5.80e-03,-5.16e-03,1.00e+00,1.13e+01],\n",
    "[1.00e+00,-1.26e-02,-6.83e-03,-1.55e-01,1.27e-02,1.00e+00,4.97e-03,-2.16e-01,6.76e-03,-5.06e-03,1.00e+00,1.22e+01],\n",
    "[1.00e+00,-1.29e-02,-7.50e-03,-1.69e-01,1.29e-02,1.00e+00,3.39e-03,-2.35e-01,7.46e-03,-3.49e-03,1.00e+00,1.31e+01],\n",
    "[1.00e+00,-1.34e-02,-9.03e-03,-1.85e-01,1.34e-02,1.00e+00,1.18e-03,-2.60e-01,9.02e-03,-1.30e-03,1.00e+00,1.40e+01],\n",
    "[1.00e+00,-1.47e-02,-1.05e-02,-1.99e-01,1.47e-02,1.00e+00,-1.03e-04,-2.76e-01,1.05e-02,-5.11e-05,1.00e+00,1.49e+01],\n",
    "[1.00e+00,-1.43e-02,-1.22e-02,-2.17e-01,1.43e-02,1.00e+00,-6.62e-04,-2.85e-01,1.22e-02,4.87e-04,1.00e+00,1.58e+01],\n",
    "[1.00e+00,-1.30e-02,-1.36e-02,-2.37e-01,1.30e-02,1.00e+00,-1.57e-03,-2.93e-01,1.37e-02,1.39e-03,1.00e+00,1.67e+01],\n",
    "[1.00e+00,-1.16e-02,-1.54e-02,-2.55e-01,1.16e-02,1.00e+00,-1.63e-03,-2.98e-01,1.54e-02,1.46e-03,1.00e+00,1.76e+01],\n",
    "[1.00e+00,-1.21e-02,-1.69e-02,-2.73e-01,1.21e-02,1.00e+00,-6.79e-04,-3.04e-01,1.69e-02,4.73e-04,1.00e+00,1.85e+01],\n",
    "[1.00e+00,-1.15e-02,-1.83e-02,-2.94e-01,1.15e-02,1.00e+00,7.06e-04,-3.14e-01,1.82e-02,-9.16e-04,1.00e+00,1.94e+01],\n",
    "[1.00e+00,-1.13e-02,-1.98e-02,-3.15e-01,1.13e-02,1.00e+00,1.04e-03,-3.24e-01,1.97e-02,-1.26e-03,1.00e+00,2.03e+01],\n",
    "[1.00e+00,-1.25e-02,-2.15e-02,-3.34e-01,1.25e-02,1.00e+00,9.69e-04,-3.22e-01,2.15e-02,-1.24e-03,1.00e+00,2.12e+01],\n",
    "[1.00e+00,-1.27e-02,-2.31e-02,-3.52e-01,1.27e-02,1.00e+00,3.32e-04,-3.21e-01,2.31e-02,-6.25e-04,1.00e+00,2.20e+01],\n",
    "[1.00e+00,-1.26e-02,-2.41e-02,-3.73e-01,1.26e-02,1.00e+00,7.90e-04,-3.17e-01,2.41e-02,-1.09e-03,1.00e+00,2.29e+01],\n",
    "[1.00e+00,-1.24e-02,-2.52e-02,-3.93e-01,1.24e-02,1.00e+00,2.75e-03,-3.16e-01,2.51e-02,-3.06e-03,1.00e+00,2.38e+01],\n",
    "[1.00e+00,-1.36e-02,-2.60e-02,-4.12e-01,1.38e-02,1.00e+00,5.60e-03,-3.14e-01,2.59e-02,-5.96e-03,1.00e+00,2.46e+01],\n",
    "[1.00e+00,-1.33e-02,-2.67e-02,-4.28e-01,1.35e-02,1.00e+00,6.95e-03,-3.06e-01,2.66e-02,-7.31e-03,1.00e+00,2.54e+01],\n",
    "[1.00e+00,-1.28e-02,-2.74e-02,-4.47e-01,1.30e-02,1.00e+00,5.76e-03,-2.99e-01,2.74e-02,-6.11e-03,1.00e+00,2.63e+01],\n",
    "[1.00e+00,-1.14e-02,-2.82e-02,-4.69e-01,1.15e-02,1.00e+00,3.01e-03,-2.93e-01,2.82e-02,-3.33e-03,1.00e+00,2.71e+01],\n",
    "[1.00e+00,-1.09e-02,-2.90e-02,-4.92e-01,1.10e-02,1.00e+00,1.40e-03,-2.93e-01,2.90e-02,-1.72e-03,1.00e+00,2.79e+01],\n",
    "[1.00e+00,-1.02e-02,-2.99e-02,-5.15e-01,1.02e-02,1.00e+00,9.39e-04,-2.98e-01,2.99e-02,-1.24e-03,1.00e+00,2.87e+01],\n",
    "[9.99e-01,-1.04e-02,-3.13e-02,-5.38e-01,1.04e-02,1.00e+00,5.28e-04,-3.03e-01,3.13e-02,-8.55e-04,1.00e+00,2.95e+01],\n",
    "[9.99e-01,-1.01e-02,-3.32e-02,-5.61e-01,1.01e-02,1.00e+00,-9.42e-05,-3.02e-01,3.32e-02,-2.42e-04,9.99e-01,3.02e+01],\n",
    "[9.99e-01,-1.01e-02,-3.50e-02,-5.84e-01,1.01e-02,1.00e+00,-4.80e-04,-2.89e-01,3.50e-02,1.25e-04,9.99e-01,3.10e+01],\n",
    "[9.99e-01,-1.05e-02,-3.71e-02,-6.10e-01,1.05e-02,1.00e+00,6.47e-04,-2.85e-01,3.71e-02,-1.04e-03,9.99e-01,3.18e+01],\n",
    "[9.99e-01,-1.04e-02,-3.91e-02,-6.37e-01,1.06e-02,1.00e+00,3.29e-03,-2.86e-01,3.90e-02,-3.70e-03,9.99e-01,3.25e+01],\n",
    "[9.99e-01,-9.68e-03,-4.09e-02,-6.69e-01,9.87e-03,1.00e+00,4.55e-03,-2.91e-01,4.08e-02,-4.95e-03,9.99e-01,3.32e+01],\n",
    "[9.99e-01,-8.21e-03,-4.28e-02,-7.07e-01,8.43e-03,1.00e+00,4.80e-03,-2.98e-01,4.28e-02,-5.16e-03,9.99e-01,3.40e+01],\n",
    "[9.99e-01,-5.57e-03,-4.47e-02,-7.48e-01,5.75e-03,1.00e+00,3.94e-03,-3.01e-01,4.46e-02,-4.19e-03,9.99e-01,3.47e+01],\n",
    "[9.99e-01,-4.08e-03,-4.64e-02,-7.86e-01,4.23e-03,1.00e+00,3.12e-03,-3.01e-01,4.64e-02,-3.31e-03,9.99e-01,3.54e+01],\n",
    "[9.99e-01,-3.60e-03,-4.79e-02,-8.23e-01,3.82e-03,1.00e+00,4.54e-03,-2.94e-01,4.79e-02,-4.72e-03,9.99e-01,3.61e+01],\n",
    "[9.99e-01,-2.42e-03,-4.90e-02,-8.58e-01,2.72e-03,1.00e+00,6.12e-03,-2.85e-01,4.89e-02,-6.25e-03,9.99e-01,3.68e+01],\n",
    "[9.99e-01,6.06e-04,-4.89e-02,-8.98e-01,-2.71e-04,1.00e+00,6.86e-03,-2.83e-01,4.89e-02,-6.84e-03,9.99e-01,3.74e+01],\n",
    "[9.99e-01,3.75e-03,-4.78e-02,-9.36e-01,-3.52e-03,1.00e+00,4.79e-03,-2.75e-01,4.78e-02,-4.61e-03,9.99e-01,3.81e+01],\n",
    "[9.99e-01,5.35e-03,-4.61e-02,-9.66e-01,-5.29e-03,1.00e+00,1.44e-03,-2.64e-01,4.61e-02,-1.20e-03,9.99e-01,3.88e+01],\n",
    "[9.99e-01,5.71e-03,-4.39e-02,-9.94e-01,-5.74e-03,1.00e+00,-5.63e-04,-2.59e-01,4.39e-02,8.15e-04,9.99e-01,3.94e+01],\n",
    "[9.99e-01,6.93e-03,-4.08e-02,-1.02e+00,-6.92e-03,1.00e+00,3.41e-04,-2.55e-01,4.08e-02,-5.79e-05,9.99e-01,4.00e+01],\n",
    "[9.99e-01,1.20e-02,-3.73e-02,-1.05e+00,-1.19e-02,1.00e+00,3.53e-03,-2.56e-01,3.73e-02,-3.09e-03,9.99e-01,4.07e+01],\n",
    "[9.99e-01,1.64e-02,-3.35e-02,-1.08e+00,-1.62e-02,1.00e+00,7.28e-03,-2.56e-01,3.36e-02,-6.74e-03,9.99e-01,4.13e+01],\n",
    "[9.99e-01,2.13e-02,-2.92e-02,-1.11e+00,-2.11e-02,1.00e+00,8.12e-03,-2.54e-01,2.93e-02,-7.50e-03,1.00e+00,4.19e+01],\n",
    "[9.99e-01,2.50e-02,-2.38e-02,-1.13e+00,-2.48e-02,1.00e+00,8.23e-03,-2.50e-01,2.40e-02,-7.64e-03,1.00e+00,4.25e+01],\n",
    "[9.99e-01,2.87e-02,-1.80e-02,-1.14e+00,-2.85e-02,1.00e+00,1.02e-02,-2.47e-01,1.82e-02,-9.71e-03,1.00e+00,4.30e+01],\n",
    "[9.99e-01,3.37e-02,-1.12e-02,-1.16e+00,-3.36e-02,9.99e-01,1.17e-02,-2.46e-01,1.16e-02,-1.13e-02,1.00e+00,4.36e+01],\n",
    "[9.99e-01,3.70e-02,-4.07e-03,-1.16e+00,-3.70e-02,9.99e-01,1.10e-02,-2.46e-01,4.48e-03,-1.09e-02,1.00e+00,4.41e+01],\n",
    "[9.99e-01,4.05e-02,3.26e-03,-1.17e+00,-4.05e-02,9.99e-01,1.14e-02,-2.46e-01,-2.80e-03,-1.15e-02,1.00e+00,4.46e+01],\n",
    "[9.99e-01,4.49e-02,1.08e-02,-1.17e+00,-4.51e-02,9.99e-01,1.09e-02,-2.40e-01,-1.03e-02,-1.14e-02,1.00e+00,4.51e+01],\n",
    "[9.99e-01,4.93e-02,1.85e-02,-1.16e+00,-4.95e-02,9.99e-01,7.95e-03,-2.35e-01,-1.81e-02,-8.85e-03,1.00e+00,4.56e+01],\n",
    "[9.98e-01,5.11e-02,2.65e-02,-1.15e+00,-5.12e-02,9.99e-01,4.61e-03,-2.37e-01,-2.62e-02,-5.96e-03,1.00e+00,4.60e+01],\n",
    "[9.98e-01,5.15e-02,3.45e-02,-1.14e+00,-5.17e-02,9.99e-01,4.97e-03,-2.38e-01,-3.41e-02,-6.75e-03,9.99e-01,4.64e+01],\n",
    "[9.98e-01,5.10e-02,4.22e-02,-1.12e+00,-5.13e-02,9.99e-01,6.32e-03,-2.40e-01,-4.19e-02,-8.47e-03,9.99e-01,4.68e+01],\n",
    "[9.97e-01,5.27e-02,5.03e-02,-1.10e+00,-5.32e-02,9.99e-01,7.17e-03,-2.39e-01,-4.99e-02,-9.82e-03,9.99e-01,4.72e+01],\n",
    "[9.97e-01,5.62e-02,5.95e-02,-1.08e+00,-5.67e-02,9.98e-01,7.08e-03,-2.39e-01,-5.90e-02,-1.04e-02,9.98e-01,4.76e+01],\n",
    "[9.96e-01,6.08e-02,6.80e-02,-1.06e+00,-6.14e-02,9.98e-01,6.60e-03,-2.40e-01,-6.74e-02,-1.07e-02,9.98e-01,4.79e+01],\n",
    "[9.95e-01,6.44e-02,7.70e-02,-1.04e+00,-6.51e-02,9.98e-01,6.73e-03,-2.44e-01,-7.64e-02,-1.17e-02,9.97e-01,4.82e+01],\n",
    "[9.94e-01,6.38e-02,8.63e-02,-1.01e+00,-6.47e-02,9.98e-01,7.09e-03,-2.53e-01,-8.57e-02,-1.26e-02,9.96e-01,4.85e+01],\n",
    "[9.93e-01,6.28e-02,9.71e-02,-9.73e-01,-6.36e-02,9.98e-01,5.08e-03,-2.61e-01,-9.65e-02,-1.12e-02,9.95e-01,4.87e+01],\n",
    "[9.92e-01,6.15e-02,1.09e-01,-9.37e-01,-6.19e-02,9.98e-01,3.40e-04,-2.68e-01,-1.09e-01,-7.09e-03,9.94e-01,4.90e+01],\n",
    "[9.91e-01,6.25e-02,1.22e-01,-8.98e-01,-6.25e-02,9.98e-01,-3.97e-03,-2.73e-01,-1.22e-01,-3.70e-03,9.92e-01,4.92e+01],\n",
    "[9.88e-01,6.43e-02,1.38e-01,-8.57e-01,-6.41e-02,9.98e-01,-5.94e-03,-2.81e-01,-1.38e-01,-2.96e-03,9.90e-01,4.95e+01],\n",
    "[9.86e-01,6.63e-02,1.55e-01,-8.08e-01,-6.60e-02,9.98e-01,-7.22e-03,-2.86e-01,-1.55e-01,-3.09e-03,9.88e-01,4.97e+01],\n",
    "[9.83e-01,6.67e-02,1.71e-01,-7.58e-01,-6.62e-02,9.98e-01,-8.48e-03,-2.92e-01,-1.71e-01,-2.98e-03,9.85e-01,5.00e+01],\n",
    "[9.80e-01,6.60e-02,1.89e-01,-6.97e-01,-6.53e-02,9.98e-01,-9.69e-03,-2.97e-01,-1.89e-01,-2.86e-03,9.82e-01,5.02e+01],\n",
    "[9.76e-01,6.50e-02,2.09e-01,-6.30e-01,-6.43e-02,9.98e-01,-1.01e-02,-3.02e-01,-2.09e-01,-3.55e-03,9.78e-01,5.05e+01],\n",
    "[9.71e-01,6.55e-02,2.29e-01,-5.63e-01,-6.46e-02,9.98e-01,-1.14e-02,-3.07e-01,-2.29e-01,-3.66e-03,9.73e-01,5.07e+01],\n",
    "[9.66e-01,6.76e-02,2.50e-01,-4.89e-01,-6.62e-02,9.98e-01,-1.39e-02,-3.12e-01,-2.50e-01,-3.12e-03,9.68e-01,5.09e+01],\n",
    "[9.60e-01,6.89e-02,2.73e-01,-4.07e-01,-6.71e-02,9.98e-01,-1.61e-02,-3.18e-01,-2.73e-01,-2.81e-03,9.62e-01,5.12e+01],\n",
    "[9.52e-01,7.02e-02,2.97e-01,-3.17e-01,-6.82e-02,9.98e-01,-1.72e-02,-3.26e-01,-2.98e-01,-3.87e-03,9.55e-01,5.14e+01],\n",
    "[9.44e-01,7.31e-02,3.23e-01,-2.21e-01,-7.10e-02,9.97e-01,-1.82e-02,-3.34e-01,-3.23e-01,-5.77e-03,9.46e-01,5.17e+01],\n",
    "[9.33e-01,7.55e-02,3.51e-01,-1.15e-01,-7.33e-02,9.97e-01,-1.95e-02,-3.44e-01,-3.51e-01,-7.55e-03,9.36e-01,5.19e+01],\n",
    "[9.22e-01,7.61e-02,3.79e-01,2.74e-04,-7.37e-02,9.97e-01,-2.09e-02,-3.54e-01,-3.79e-01,-8.71e-03,9.25e-01,5.21e+01],\n",
    "[9.10e-01,7.43e-02,4.09e-01,1.31e-01,-7.11e-02,9.97e-01,-2.30e-02,-3.64e-01,-4.09e-01,-8.13e-03,9.12e-01,5.24e+01],\n",
    "[8.94e-01,7.17e-02,4.41e-01,2.76e-01,-6.71e-02,9.97e-01,-2.60e-02,-3.73e-01,-4.42e-01,-6.39e-03,8.97e-01,5.26e+01],\n",
    "[8.77e-01,7.15e-02,4.75e-01,4.28e-01,-6.47e-02,9.97e-01,-3.05e-02,-3.82e-01,-4.76e-01,-3.99e-03,8.80e-01,5.28e+01],\n",
    "[8.58e-01,7.34e-02,5.09e-01,5.91e-01,-6.41e-02,9.97e-01,-3.59e-02,-3.92e-01,-5.10e-01,-1.89e-03,8.60e-01,5.30e+01],\n",
    "[8.35e-01,7.57e-02,5.44e-01,7.70e-01,-6.39e-02,9.97e-01,-4.05e-02,-4.03e-01,-5.46e-01,-9.71e-04,8.38e-01,5.32e+01],\n",
    "[8.10e-01,7.89e-02,5.80e-01,9.65e-01,-6.52e-02,9.97e-01,-4.45e-02,-4.15e-01,-5.82e-01,-1.80e-03,8.13e-01,5.35e+01],\n",
    "[7.83e-01,8.30e-02,6.16e-01,1.17e+00,-6.83e-02,9.97e-01,-4.75e-02,-4.30e-01,-6.18e-01,-4.89e-03,7.86e-01,5.37e+01],\n",
    "[7.53e-01,8.75e-02,6.52e-01,1.40e+00,-7.19e-02,9.96e-01,-5.06e-02,-4.47e-01,-6.54e-01,-8.75e-03,7.56e-01,5.39e+01],\n",
    "[7.20e-01,8.86e-02,6.88e-01,1.66e+00,-7.13e-02,9.96e-01,-5.36e-02,-4.65e-01,-6.90e-01,-1.06e-02,7.23e-01,5.42e+01],\n",
    "[6.83e-01,8.63e-02,7.25e-01,1.95e+00,-6.81e-02,9.96e-01,-5.44e-02,-4.78e-01,-7.27e-01,-1.22e-02,6.87e-01,5.44e+01],\n",
    "[6.44e-01,8.50e-02,7.60e-01,2.27e+00,-6.51e-02,9.96e-01,-5.63e-02,-4.78e-01,-7.62e-01,-1.32e-02,6.48e-01,5.46e+01],\n",
    "[6.01e-01,8.48e-02,7.94e-01,2.61e+00,-6.31e-02,9.96e-01,-5.86e-02,-4.83e-01,-7.96e-01,-1.49e-02,6.05e-01,5.48e+01],\n",
    "[5.56e-01,8.47e-02,8.27e-01,2.97e+00,-5.94e-02,9.96e-01,-6.21e-02,-4.79e-01,-8.29e-01,-1.45e-02,5.59e-01,5.50e+01],\n",
    "[5.08e-01,8.37e-02,8.57e-01,3.36e+00,-5.67e-02,9.96e-01,-6.36e-02,-4.86e-01,-8.59e-01,-1.63e-02,5.11e-01,5.52e+01],\n",
    "[4.60e-01,8.17e-02,8.84e-01,3.77e+00,-5.48e-02,9.96e-01,-6.35e-02,-4.91e-01,-8.86e-01,-1.93e-02,4.62e-01,5.53e+01],\n",
    "[4.10e-01,7.98e-02,9.09e-01,4.20e+00,-5.48e-02,9.97e-01,-6.28e-02,-5.17e-01,-9.11e-01,-2.41e-02,4.12e-01,5.55e+01],\n",
    "[3.60e-01,7.96e-02,9.30e-01,4.64e+00,-5.78e-02,9.96e-01,-6.30e-02,-5.40e-01,-9.31e-01,-3.11e-02,3.63e-01,5.56e+01],\n",
    "[3.10e-01,8.05e-02,9.47e-01,5.10e+00,-5.50e-02,9.96e-01,-6.66e-02,-5.65e-01,-9.49e-01,-3.14e-02,3.14e-01,5.57e+01],\n",
    "[2.64e-01,7.62e-02,9.62e-01,5.59e+00,-4.43e-02,9.97e-01,-6.69e-02,-5.96e-01,-9.64e-01,-2.50e-02,2.66e-01,5.58e+01],\n",
    "[2.20e-01,7.09e-02,9.73e-01,6.09e+00,-3.06e-02,9.97e-01,-6.58e-02,-6.27e-01,-9.75e-01,-1.53e-02,2.22e-01,5.59e+01],\n",
    "[1.77e-01,6.94e-02,9.82e-01,6.61e+00,-2.18e-02,9.98e-01,-6.66e-02,-6.53e-01,-9.84e-01,-9.62e-03,1.78e-01,5.59e+01],\n",
    "[1.39e-01,7.23e-02,9.88e-01,7.13e+00,-1.78e-02,9.97e-01,-7.05e-02,-6.82e-01,-9.90e-01,-7.71e-03,1.40e-01,5.59e+01],\n",
    "[1.07e-01,7.20e-02,9.92e-01,7.66e+00,-8.85e-03,9.97e-01,-7.15e-02,-7.24e-01,-9.94e-01,-1.09e-03,1.08e-01,5.60e+01],\n",
    "[7.85e-02,7.03e-02,9.94e-01,8.21e+00,-2.18e-03,9.98e-01,-7.03e-02,-7.74e-01,-9.97e-01,3.35e-03,7.85e-02,5.60e+01],\n",
    "[5.38e-02,6.81e-02,9.96e-01,8.77e+00,4.68e-03,9.98e-01,-6.84e-02,-8.14e-01,-9.99e-01,8.34e-03,5.34e-02,5.60e+01],\n",
    "[3.43e-02,6.83e-02,9.97e-01,9.35e+00,1.01e-02,9.98e-01,-6.87e-02,-8.57e-01,-9.99e-01,1.24e-02,3.35e-02,5.60e+01],\n",
    "[1.87e-02,7.01e-02,9.97e-01,9.93e+00,1.33e-02,9.97e-01,-7.03e-02,-9.02e-01,-1.00e+00,1.46e-02,1.78e-02,5.60e+01],\n",
    "[5.28e-03,6.96e-02,9.98e-01,1.05e+01,1.39e-02,9.97e-01,-6.97e-02,-9.47e-01,-1.00e+00,1.43e-02,4.30e-03,5.60e+01],\n",
    "[-6.19e-03,7.03e-02,9.98e-01,1.11e+01,1.43e-02,9.97e-01,-7.02e-02,-9.97e-01,-1.00e+00,1.38e-02,-7.18e-03,5.60e+01],\n",
    "[-1.48e-02,7.37e-02,9.97e-01,1.18e+01,1.91e-02,9.97e-01,-7.34e-02,-1.06e+00,-1.00e+00,1.80e-02,-1.62e-02,5.60e+01],\n",
    "[-2.12e-02,7.56e-02,9.97e-01,1.24e+01,2.37e-02,9.97e-01,-7.51e-02,-1.12e+00,-9.99e-01,2.20e-02,-2.29e-02,5.59e+01],\n",
    "[-2.59e-02,7.47e-02,9.97e-01,1.30e+01,2.39e-02,9.97e-01,-7.41e-02,-1.17e+00,-9.99e-01,2.19e-02,-2.76e-02,5.59e+01],\n",
    "[-2.97e-02,7.24e-02,9.97e-01,1.37e+01,2.15e-02,9.97e-01,-7.17e-02,-1.22e+00,-9.99e-01,1.93e-02,-3.12e-02,5.59e+01],\n",
    "[-3.22e-02,6.48e-02,9.97e-01,1.43e+01,1.93e-02,9.98e-01,-6.42e-02,-1.27e+00,-9.99e-01,1.72e-02,-3.34e-02,5.59e+01],\n",
    "[-3.36e-02,5.90e-02,9.98e-01,1.50e+01,2.07e-02,9.98e-01,-5.83e-02,-1.32e+00,-9.99e-01,1.87e-02,-3.47e-02,5.58e+01],\n",
    "[-3.40e-02,5.69e-02,9.98e-01,1.57e+01,2.33e-02,9.98e-01,-5.61e-02,-1.37e+00,-9.99e-01,2.14e-02,-3.53e-02,5.58e+01],\n",
    "[-3.37e-02,5.92e-02,9.98e-01,1.64e+01,2.65e-02,9.98e-01,-5.83e-02,-1.42e+00,-9.99e-01,2.44e-02,-3.52e-02,5.57e+01],\n",
    "[-3.31e-02,6.73e-02,9.97e-01,1.71e+01,2.77e-02,9.97e-01,-6.64e-02,-1.46e+00,-9.99e-01,2.54e-02,-3.48e-02,5.57e+01],\n",
    "[-3.09e-02,7.51e-02,9.97e-01,1.78e+01,2.83e-02,9.97e-01,-7.43e-02,-1.50e+00,-9.99e-01,2.59e-02,-3.29e-02,5.57e+01],\n",
    "[-2.87e-02,7.66e-02,9.97e-01,1.85e+01,2.97e-02,9.97e-01,-7.57e-02,-1.55e+00,-9.99e-01,2.74e-02,-3.09e-02,5.56e+01],\n",
    "[-2.67e-02,7.16e-02,9.97e-01,1.92e+01,2.86e-02,9.97e-01,-7.08e-02,-1.59e+00,-9.99e-01,2.66e-02,-2.86e-02,5.56e+01],\n",
    "[-2.42e-02,6.40e-02,9.98e-01,2.00e+01,2.82e-02,9.98e-01,-6.33e-02,-1.65e+00,-9.99e-01,2.66e-02,-2.59e-02,5.56e+01],\n",
    "[-2.15e-02,6.33e-02,9.98e-01,2.07e+01,2.59e-02,9.98e-01,-6.27e-02,-1.70e+00,-9.99e-01,2.44e-02,-2.31e-02,5.56e+01],\n",
    "[-1.81e-02,6.90e-02,9.97e-01,2.14e+01,3.39e-02,9.97e-01,-6.83e-02,-1.74e+00,-9.99e-01,3.26e-02,-2.04e-02,5.55e+01],\n",
    "[-1.47e-02,7.43e-02,9.97e-01,2.22e+01,3.59e-02,9.97e-01,-7.38e-02,-1.79e+00,-9.99e-01,3.48e-02,-1.73e-02,5.55e+01],\n",
    "[-1.25e-02,7.47e-02,9.97e-01,2.29e+01,2.92e-02,9.97e-01,-7.43e-02,-1.84e+00,-9.99e-01,2.82e-02,-1.47e-02,5.55e+01],\n",
    "[-9.30e-03,7.22e-02,9.97e-01,2.36e+01,2.56e-02,9.97e-01,-7.19e-02,-1.90e+00,-1.00e+00,2.48e-02,-1.11e-02,5.55e+01],\n",
    "[-4.59e-03,6.66e-02,9.98e-01,2.44e+01,2.92e-02,9.97e-01,-6.64e-02,-1.96e+00,-1.00e+00,2.89e-02,-6.52e-03,5.55e+01],\n",
    "[-1.25e-03,6.91e-02,9.98e-01,2.51e+01,3.42e-02,9.97e-01,-6.90e-02,-2.01e+00,-9.99e-01,3.40e-02,-3.61e-03,5.55e+01],\n",
    "[1.86e-03,7.31e-02,9.97e-01,2.58e+01,3.37e-02,9.97e-01,-7.31e-02,-2.06e+00,-9.99e-01,3.37e-02,-6.07e-04,5.55e+01],\n",
    "[5.33e-03,7.45e-02,9.97e-01,2.66e+01,3.02e-02,9.97e-01,-7.46e-02,-2.11e+00,-1.00e+00,3.05e-02,3.07e-03,5.55e+01],\n",
    "[9.15e-03,7.32e-02,9.97e-01,2.73e+01,2.91e-02,9.97e-01,-7.34e-02,-2.17e+00,-1.00e+00,2.97e-02,6.99e-03,5.55e+01],\n",
    "[1.31e-02,7.05e-02,9.97e-01,2.80e+01,3.35e-02,9.97e-01,-7.09e-02,-2.23e+00,-9.99e-01,3.44e-02,1.07e-02,5.55e+01],\n",
    "[1.71e-02,7.02e-02,9.97e-01,2.88e+01,3.81e-02,9.97e-01,-7.08e-02,-2.29e+00,-9.99e-01,3.92e-02,1.44e-02,5.55e+01],\n",
    "[2.07e-02,7.13e-02,9.97e-01,2.95e+01,4.09e-02,9.97e-01,-7.21e-02,-2.34e+00,-9.99e-01,4.23e-02,1.77e-02,5.55e+01],\n",
    "[2.35e-02,7.16e-02,9.97e-01,3.02e+01,4.10e-02,9.97e-01,-7.25e-02,-2.40e+00,-9.99e-01,4.26e-02,2.04e-02,5.55e+01],\n",
    "[2.70e-02,7.04e-02,9.97e-01,3.10e+01,4.27e-02,9.97e-01,-7.15e-02,-2.45e+00,-9.99e-01,4.45e-02,2.39e-02,5.55e+01],\n",
    "[3.07e-02,6.87e-02,9.97e-01,3.17e+01,4.42e-02,9.97e-01,-7.00e-02,-2.50e+00,-9.99e-01,4.62e-02,2.76e-02,5.56e+01],\n",
    "[3.36e-02,6.99e-02,9.97e-01,3.25e+01,4.31e-02,9.97e-01,-7.13e-02,-2.54e+00,-9.99e-01,4.54e-02,3.04e-02,5.56e+01],\n",
    "[3.66e-02,7.13e-02,9.97e-01,3.32e+01,4.03e-02,9.97e-01,-7.27e-02,-2.58e+00,-9.99e-01,4.28e-02,3.36e-02,5.56e+01],\n",
    "[3.95e-02,7.14e-02,9.97e-01,3.40e+01,4.21e-02,9.96e-01,-7.30e-02,-2.62e+00,-9.98e-01,4.49e-02,3.64e-02,5.56e+01],\n",
    "[4.23e-02,7.09e-02,9.97e-01,3.47e+01,3.94e-02,9.97e-01,-7.26e-02,-2.67e+00,-9.98e-01,4.24e-02,3.93e-02,5.57e+01],\n",
    "[4.43e-02,7.18e-02,9.96e-01,3.54e+01,3.84e-02,9.97e-01,-7.35e-02,-2.71e+00,-9.98e-01,4.15e-02,4.14e-02,5.57e+01],\n",
    "[4.74e-02,7.13e-02,9.96e-01,3.62e+01,3.45e-02,9.97e-01,-7.30e-02,-2.76e+00,-9.98e-01,3.79e-02,4.48e-02,5.57e+01],\n",
    "[5.08e-02,7.34e-02,9.96e-01,3.70e+01,3.33e-02,9.97e-01,-7.52e-02,-2.81e+00,-9.98e-01,3.70e-02,4.82e-02,5.58e+01],\n",
    "[5.40e-02,7.77e-02,9.96e-01,3.77e+01,3.24e-02,9.96e-01,-7.95e-02,-2.87e+00,-9.98e-01,3.65e-02,5.13e-02,5.58e+01],\n",
    "[5.74e-02,7.91e-02,9.95e-01,3.85e+01,3.20e-02,9.96e-01,-8.10e-02,-2.92e+00,-9.98e-01,3.65e-02,5.46e-02,5.59e+01],\n",
    "[6.04e-02,8.18e-02,9.95e-01,3.92e+01,2.63e-02,9.96e-01,-8.35e-02,-2.97e+00,-9.98e-01,3.12e-02,5.80e-02,5.59e+01],\n",
    "[6.30e-02,8.06e-02,9.95e-01,4.00e+01,2.23e-02,9.96e-01,-8.21e-02,-3.02e+00,-9.98e-01,2.74e-02,6.10e-02,5.60e+01],\n",
    "[6.66e-02,8.11e-02,9.94e-01,4.08e+01,2.45e-02,9.96e-01,-8.28e-02,-3.08e+00,-9.97e-01,2.98e-02,6.44e-02,5.60e+01],\n",
    "[7.07e-02,8.20e-02,9.94e-01,4.16e+01,2.39e-02,9.96e-01,-8.39e-02,-3.14e+00,-9.97e-01,2.97e-02,6.85e-02,5.61e+01],\n",
    "[7.42e-02,8.30e-02,9.94e-01,4.23e+01,1.94e-02,9.96e-01,-8.47e-02,-3.19e+00,-9.97e-01,2.55e-02,7.23e-02,5.61e+01],\n",
    "[7.83e-02,8.19e-02,9.94e-01,4.31e+01,1.90e-02,9.96e-01,-8.37e-02,-3.24e+00,-9.97e-01,2.54e-02,7.65e-02,5.62e+01],\n",
    "[8.33e-02,8.03e-02,9.93e-01,4.39e+01,1.89e-02,9.96e-01,-8.21e-02,-3.30e+00,-9.96e-01,2.56e-02,8.15e-02,5.63e+01],\n",
    "[8.81e-02,8.49e-02,9.92e-01,4.47e+01,1.54e-02,9.96e-01,-8.66e-02,-3.35e+00,-9.96e-01,2.30e-02,8.65e-02,5.63e+01],\n",
    "[9.42e-02,9.42e-02,9.91e-01,4.55e+01,1.39e-02,9.95e-01,-9.59e-02,-3.40e+00,-9.95e-01,2.28e-02,9.25e-02,5.64e+01],\n",
    "[1.02e-01,9.86e-02,9.90e-01,4.63e+01,1.20e-02,9.95e-01,-1.00e-01,-3.46e+00,-9.95e-01,2.21e-02,1.00e-01,5.65e+01],\n",
    "[1.09e-01,1.01e-01,9.89e-01,4.71e+01,8.01e-03,9.95e-01,-1.02e-01,-3.53e+00,-9.94e-01,1.91e-02,1.08e-01,5.66e+01],\n",
    "[1.16e-01,9.87e-02,9.88e-01,4.79e+01,4.09e-03,9.95e-01,-9.99e-02,-3.59e+00,-9.93e-01,1.56e-02,1.15e-01,5.67e+01],\n",
    "[1.23e-01,9.68e-02,9.88e-01,4.87e+01,3.80e-03,9.95e-01,-9.81e-02,-3.66e+00,-9.92e-01,1.59e-02,1.22e-01,5.68e+01],\n",
    "[1.31e-01,9.39e-02,9.87e-01,4.95e+01,3.68e-03,9.95e-01,-9.52e-02,-3.73e+00,-9.91e-01,1.61e-02,1.30e-01,5.69e+01],\n",
    "[1.38e-01,8.78e-02,9.87e-01,5.04e+01,1.42e-03,9.96e-01,-8.88e-02,-3.79e+00,-9.90e-01,1.37e-02,1.37e-01,5.70e+01],\n",
    "[1.45e-01,8.10e-02,9.86e-01,5.12e+01,-7.26e-04,9.97e-01,-8.18e-02,-3.85e+00,-9.89e-01,1.12e-02,1.45e-01,5.72e+01],\n",
    "[1.53e-01,7.73e-02,9.85e-01,5.20e+01,-1.27e-03,9.97e-01,-7.81e-02,-3.91e+00,-9.88e-01,1.07e-02,1.53e-01,5.73e+01],\n",
    "[1.60e-01,8.04e-02,9.84e-01,5.28e+01,-1.06e-03,9.97e-01,-8.12e-02,-3.97e+00,-9.87e-01,1.20e-02,1.60e-01,5.74e+01],\n",
    "[1.66e-01,8.62e-02,9.82e-01,5.36e+01,-9.23e-04,9.96e-01,-8.72e-02,-4.02e+00,-9.86e-01,1.35e-02,1.65e-01,5.76e+01],\n",
    "[1.71e-01,9.07e-02,9.81e-01,5.43e+01,-1.86e-03,9.96e-01,-9.17e-02,-4.08e+00,-9.85e-01,1.38e-02,1.70e-01,5.77e+01],\n",
    "[1.76e-01,9.30e-02,9.80e-01,5.51e+01,-3.99e-03,9.96e-01,-9.38e-02,-4.14e+00,-9.84e-01,1.25e-02,1.75e-01,5.78e+01],\n",
    "[1.81e-01,9.25e-02,9.79e-01,5.59e+01,-5.86e-03,9.96e-01,-9.30e-02,-4.20e+00,-9.83e-01,1.11e-02,1.81e-01,5.80e+01],\n",
    "[1.86e-01,8.91e-02,9.78e-01,5.66e+01,-2.18e-03,9.96e-01,-9.03e-02,-4.26e+00,-9.82e-01,1.47e-02,1.86e-01,5.81e+01],\n",
    "[1.91e-01,8.32e-02,9.78e-01,5.74e+01,-1.18e-03,9.96e-01,-8.45e-02,-4.32e+00,-9.82e-01,1.50e-02,1.90e-01,5.83e+01],\n",
    "[1.94e-01,7.57e-02,9.78e-01,5.81e+01,-3.61e-03,9.97e-01,-7.65e-02,-4.37e+00,-9.81e-01,1.13e-02,1.94e-01,5.84e+01],\n",
    "[1.97e-01,7.30e-02,9.78e-01,5.89e+01,-6.79e-03,9.97e-01,-7.31e-02,-4.42e+00,-9.80e-01,7.75e-03,1.97e-01,5.86e+01],\n",
    "[2.00e-01,7.34e-02,9.77e-01,5.96e+01,-8.46e-03,9.97e-01,-7.32e-02,-4.47e+00,-9.80e-01,6.38e-03,2.00e-01,5.87e+01],\n",
    "[2.02e-01,7.57e-02,9.76e-01,6.03e+01,-1.05e-02,9.97e-01,-7.52e-02,-4.52e+00,-9.79e-01,4.95e-03,2.02e-01,5.89e+01],\n",
    "[2.03e-01,7.98e-02,9.76e-01,6.10e+01,-1.48e-02,9.97e-01,-7.85e-02,-4.56e+00,-9.79e-01,1.56e-03,2.04e-01,5.90e+01],\n",
    "[2.05e-01,8.43e-02,9.75e-01,6.17e+01,-1.63e-02,9.96e-01,-8.27e-02,-4.61e+00,-9.79e-01,1.12e-03,2.06e-01,5.92e+01],\n",
    "[2.07e-01,8.95e-02,9.74e-01,6.24e+01,-1.68e-02,9.96e-01,-8.79e-02,-4.66e+00,-9.78e-01,1.82e-03,2.08e-01,5.93e+01],\n",
    "[2.09e-01,9.13e-02,9.74e-01,6.31e+01,-1.64e-02,9.96e-01,-8.99e-02,-4.71e+00,-9.78e-01,2.82e-03,2.10e-01,5.95e+01],\n",
    "[2.10e-01,9.10e-02,9.73e-01,6.37e+01,-1.86e-02,9.96e-01,-8.91e-02,-4.76e+00,-9.77e-01,5.74e-04,2.11e-01,5.96e+01],\n",
    "[2.11e-01,8.82e-02,9.74e-01,6.44e+01,-1.87e-02,9.96e-01,-8.62e-02,-4.81e+00,-9.77e-01,8.91e-06,2.12e-01,5.98e+01],\n",
    "[2.11e-01,8.54e-02,9.74e-01,6.50e+01,-1.87e-02,9.96e-01,-8.34e-02,-4.87e+00,-9.77e-01,-5.52e-04,2.12e-01,5.99e+01],\n",
    "[2.11e-01,8.44e-02,9.74e-01,6.57e+01,-1.79e-02,9.96e-01,-8.25e-02,-4.91e+00,-9.77e-01,-3.93e-05,2.12e-01,6.00e+01],\n",
    "[2.10e-01,8.37e-02,9.74e-01,6.63e+01,-1.79e-02,9.96e-01,-8.18e-02,-4.97e+00,-9.78e-01,-2.55e-04,2.10e-01,6.02e+01],\n",
    "[2.08e-01,8.44e-02,9.75e-01,6.69e+01,-1.91e-02,9.96e-01,-8.22e-02,-5.02e+00,-9.78e-01,-1.56e-03,2.09e-01,6.03e+01],\n",
    "[2.05e-01,8.78e-02,9.75e-01,6.75e+01,-2.02e-02,9.96e-01,-8.55e-02,-5.08e+00,-9.78e-01,-2.08e-03,2.06e-01,6.04e+01],\n",
    "[2.03e-01,9.13e-02,9.75e-01,6.81e+01,-1.84e-02,9.96e-01,-8.94e-02,-5.13e+00,-9.79e-01,2.04e-04,2.04e-01,6.06e+01],\n",
    "[2.01e-01,9.17e-02,9.75e-01,6.87e+01,-1.61e-02,9.96e-01,-9.04e-02,-5.18e+00,-9.79e-01,2.51e-03,2.02e-01,6.07e+01],\n",
    "[1.99e-01,9.08e-02,9.76e-01,6.93e+01,-1.68e-02,9.96e-01,-8.92e-02,-5.23e+00,-9.80e-01,1.34e-03,2.00e-01,6.08e+01],\n",
    "[1.97e-01,8.80e-02,9.77e-01,6.99e+01,-1.71e-02,9.96e-01,-8.63e-02,-5.29e+00,-9.80e-01,2.48e-04,1.97e-01,6.09e+01],\n",
    "[1.95e-01,8.36e-02,9.77e-01,7.04e+01,-1.69e-02,9.97e-01,-8.18e-02,-5.34e+00,-9.81e-01,-5.54e-04,1.95e-01,6.10e+01],\n",
    "[1.93e-01,8.26e-02,9.78e-01,7.10e+01,-1.39e-02,9.97e-01,-8.14e-02,-5.39e+00,-9.81e-01,2.14e-03,1.93e-01,6.11e+01],\n",
    "[1.91e-01,8.46e-02,9.78e-01,7.15e+01,-9.56e-03,9.96e-01,-8.43e-02,-5.44e+00,-9.82e-01,6.76e-03,1.91e-01,6.12e+01],\n",
    "[1.89e-01,8.64e-02,9.78e-01,7.21e+01,-5.73e-03,9.96e-01,-8.68e-02,-5.49e+00,-9.82e-01,1.08e-02,1.88e-01,6.13e+01],\n",
    "[1.87e-01,8.88e-02,9.78e-01,7.26e+01,-6.45e-03,9.96e-01,-8.92e-02,-5.53e+00,-9.82e-01,1.04e-02,1.87e-01,6.15e+01],\n",
    "[1.86e-01,9.12e-02,9.78e-01,7.32e+01,-6.60e-03,9.96e-01,-9.15e-02,-5.58e+00,-9.83e-01,1.05e-02,1.86e-01,6.16e+01],\n",
    "[1.85e-01,8.93e-02,9.79e-01,7.37e+01,-4.89e-03,9.96e-01,-8.99e-02,-5.63e+00,-9.83e-01,1.18e-02,1.84e-01,6.17e+01],\n",
    "[1.85e-01,8.75e-02,9.79e-01,7.42e+01,1.40e-03,9.96e-01,-8.93e-02,-5.68e+00,-9.83e-01,1.79e-02,1.85e-01,6.17e+01],\n",
    "[1.88e-01,8.65e-02,9.78e-01,7.48e+01,6.46e-03,9.96e-01,-8.93e-02,-5.72e+00,-9.82e-01,2.31e-02,1.87e-01,6.18e+01],\n",
    "[1.90e-01,8.54e-02,9.78e-01,7.53e+01,8.83e-03,9.96e-01,-8.87e-02,-5.77e+00,-9.82e-01,2.55e-02,1.88e-01,6.19e+01],\n",
    "[1.93e-01,8.51e-02,9.77e-01,7.59e+01,5.71e-03,9.96e-01,-8.78e-02,-5.82e+00,-9.81e-01,2.26e-02,1.92e-01,6.21e+01],\n",
    "[1.99e-01,8.55e-02,9.76e-01,7.64e+01,5.15e-03,9.96e-01,-8.83e-02,-5.86e+00,-9.80e-01,2.26e-02,1.98e-01,6.22e+01],\n",
    "[2.06e-01,8.47e-02,9.75e-01,7.70e+01,6.23e-03,9.96e-01,-8.78e-02,-5.91e+00,-9.79e-01,2.41e-02,2.04e-01,6.23e+01],\n",
    "[2.14e-01,8.39e-02,9.73e-01,7.76e+01,5.76e-03,9.96e-01,-8.72e-02,-5.96e+00,-9.77e-01,2.43e-02,2.13e-01,6.24e+01],\n",
    "[2.22e-01,8.32e-02,9.71e-01,7.81e+01,5.26e-03,9.96e-01,-8.66e-02,-6.01e+00,-9.75e-01,2.43e-02,2.21e-01,6.26e+01],\n",
    "[2.31e-01,8.25e-02,9.69e-01,7.87e+01,1.42e-03,9.96e-01,-8.51e-02,-6.06e+00,-9.73e-01,2.10e-02,2.30e-01,6.27e+01],\n",
    "[2.41e-01,8.25e-02,9.67e-01,7.93e+01,-1.51e-04,9.96e-01,-8.50e-02,-6.11e+00,-9.71e-01,2.03e-02,2.40e-01,6.28e+01],\n",
    "[2.50e-01,8.57e-02,9.64e-01,7.99e+01,-4.51e-03,9.96e-01,-8.74e-02,-6.15e+00,-9.68e-01,1.75e-02,2.50e-01,6.30e+01],\n",
    "[2.60e-01,8.87e-02,9.62e-01,8.05e+01,-8.29e-03,9.96e-01,-8.96e-02,-6.19e+00,-9.66e-01,1.53e-02,2.60e-01,6.32e+01],\n",
    "[2.71e-01,9.06e-02,9.58e-01,8.10e+01,-1.25e-02,9.96e-01,-9.06e-02,-6.24e+00,-9.63e-01,1.25e-02,2.71e-01,6.34e+01],\n",
    "[2.81e-01,9.26e-02,9.55e-01,8.17e+01,-1.44e-02,9.96e-01,-9.22e-02,-6.29e+00,-9.60e-01,1.22e-02,2.81e-01,6.35e+01],\n",
    "[2.91e-01,9.33e-02,9.52e-01,8.23e+01,-1.70e-02,9.96e-01,-9.23e-02,-6.32e+00,-9.57e-01,1.07e-02,2.91e-01,6.37e+01],\n",
    "[3.01e-01,9.42e-02,9.49e-01,8.29e+01,-1.85e-02,9.95e-01,-9.30e-02,-6.37e+00,-9.53e-01,1.05e-02,3.02e-01,6.39e+01],\n",
    "[3.11e-01,9.50e-02,9.45e-01,8.35e+01,-2.18e-02,9.95e-01,-9.28e-02,-6.41e+00,-9.50e-01,8.28e-03,3.12e-01,6.42e+01],\n",
    "[3.22e-01,8.97e-02,9.42e-01,8.42e+01,-2.16e-02,9.96e-01,-8.74e-02,-6.46e+00,-9.46e-01,7.82e-03,3.23e-01,6.44e+01],\n",
    "[3.33e-01,8.18e-02,9.39e-01,8.49e+01,-1.80e-02,9.97e-01,-8.04e-02,-6.50e+00,-9.43e-01,9.90e-03,3.33e-01,6.46e+01],\n",
    "[3.44e-01,7.76e-02,9.36e-01,8.55e+01,-1.66e-02,9.97e-01,-7.66e-02,-6.55e+00,-9.39e-01,1.08e-02,3.44e-01,6.49e+01],\n",
    "[3.54e-01,7.46e-02,9.32e-01,8.62e+01,-1.65e-02,9.97e-01,-7.35e-02,-6.59e+00,-9.35e-01,1.06e-02,3.54e-01,6.52e+01],\n",
    "[3.63e-01,7.05e-02,9.29e-01,8.69e+01,-1.01e-02,9.97e-01,-7.17e-02,-6.61e+00,-9.32e-01,1.67e-02,3.63e-01,6.54e+01],\n",
    "[3.72e-01,6.67e-02,9.26e-01,8.76e+01,-3.81e-03,9.98e-01,-7.04e-02,-6.62e+00,-9.28e-01,2.27e-02,3.72e-01,6.57e+01],\n",
    "[3.80e-01,5.70e-02,9.23e-01,8.84e+01,5.14e-03,9.98e-01,-6.37e-02,-6.65e+00,-9.25e-01,2.89e-02,3.78e-01,6.60e+01],\n",
    "[3.87e-01,5.29e-02,9.21e-01,8.91e+01,1.15e-02,9.98e-01,-6.22e-02,-6.68e+00,-9.22e-01,3.47e-02,3.85e-01,6.63e+01],\n",
    "[3.94e-01,5.31e-02,9.18e-01,8.98e+01,1.28e-02,9.98e-01,-6.33e-02,-6.73e+00,-9.19e-01,3.67e-02,3.93e-01,6.66e+01],\n",
    "[4.02e-01,5.92e-02,9.14e-01,9.05e+01,1.55e-02,9.97e-01,-7.14e-02,-6.76e+00,-9.16e-01,4.29e-02,4.00e-01,6.69e+01],\n",
    "[4.09e-01,6.37e-02,9.10e-01,9.12e+01,1.97e-02,9.97e-01,-7.86e-02,-6.81e+00,-9.12e-01,5.01e-02,4.07e-01,6.72e+01],\n",
    "[4.14e-01,6.51e-02,9.08e-01,9.19e+01,1.71e-02,9.97e-01,-7.93e-02,-6.87e+00,-9.10e-01,4.83e-02,4.12e-01,6.76e+01],\n",
    "[4.19e-01,6.73e-02,9.06e-01,9.26e+01,9.20e-03,9.97e-01,-7.84e-02,-6.91e+00,-9.08e-01,4.12e-02,4.17e-01,6.79e+01],\n",
    "[4.23e-01,7.07e-02,9.03e-01,9.33e+01,3.06e-03,9.97e-01,-7.94e-02,-6.98e+00,-9.06e-01,3.63e-02,4.21e-01,6.82e+01],\n",
    "[4.27e-01,7.41e-02,9.01e-01,9.40e+01,2.04e-03,9.97e-01,-8.29e-02,-7.03e+00,-9.04e-01,3.72e-02,4.25e-01,6.86e+01],\n",
    "[4.31e-01,7.84e-02,8.99e-01,9.46e+01,-1.01e-03,9.96e-01,-8.64e-02,-7.11e+00,-9.02e-01,3.63e-02,4.30e-01,6.89e+01],\n",
    "[4.35e-01,8.12e-02,8.97e-01,9.53e+01,-4.29e-03,9.96e-01,-8.81e-02,-7.18e+00,-9.01e-01,3.44e-02,4.33e-01,6.92e+01],\n",
    "[4.39e-01,7.95e-02,8.95e-01,9.59e+01,-5.48e-03,9.96e-01,-8.58e-02,-7.26e+00,-8.99e-01,3.27e-02,4.37e-01,6.96e+01],\n",
    "[4.43e-01,7.59e-02,8.93e-01,9.66e+01,-4.42e-03,9.97e-01,-8.25e-02,-7.33e+00,-8.97e-01,3.26e-02,4.42e-01,6.99e+01],\n",
    "[4.46e-01,7.35e-02,8.92e-01,9.72e+01,-4.88e-03,9.97e-01,-7.98e-02,-7.40e+00,-8.95e-01,3.12e-02,4.45e-01,7.02e+01],\n",
    "[4.50e-01,7.26e-02,8.90e-01,9.78e+01,-6.22e-03,9.97e-01,-7.82e-02,-7.47e+00,-8.93e-01,2.96e-02,4.49e-01,7.06e+01],\n",
    "[4.53e-01,7.46e-02,8.88e-01,9.84e+01,-7.84e-03,9.97e-01,-7.98e-02,-7.53e+00,-8.91e-01,2.92e-02,4.52e-01,7.09e+01],\n",
    "[4.56e-01,7.49e-02,8.87e-01,9.90e+01,-6.87e-03,9.97e-01,-8.07e-02,-7.59e+00,-8.90e-01,3.07e-02,4.55e-01,7.12e+01],\n",
    "[4.58e-01,7.31e-02,8.86e-01,9.96e+01,-4.85e-03,9.97e-01,-7.97e-02,-7.65e+00,-8.89e-01,3.22e-02,4.57e-01,7.15e+01],\n",
    "[4.60e-01,7.21e-02,8.85e-01,1.00e+02,-2.87e-03,9.97e-01,-7.97e-02,-7.71e+00,-8.88e-01,3.41e-02,4.59e-01,7.18e+01],\n",
    "[4.62e-01,7.19e-02,8.84e-01,1.01e+02,-4.29e-03,9.97e-01,-7.88e-02,-7.77e+00,-8.87e-01,3.26e-02,4.60e-01,7.21e+01],\n",
    "[4.64e-01,7.15e-02,8.83e-01,1.01e+02,-3.11e-03,9.97e-01,-7.91e-02,-7.82e+00,-8.86e-01,3.39e-02,4.62e-01,7.24e+01],\n",
    "[4.66e-01,7.37e-02,8.82e-01,1.02e+02,-3.44e-03,9.97e-01,-8.15e-02,-7.88e+00,-8.85e-01,3.50e-02,4.65e-01,7.27e+01],\n",
    "[4.69e-01,7.31e-02,8.80e-01,1.02e+02,-1.11e-03,9.97e-01,-8.22e-02,-7.94e+00,-8.83e-01,3.76e-02,4.68e-01,7.30e+01],\n",
    "[4.72e-01,7.24e-02,8.78e-01,1.03e+02,1.23e-03,9.97e-01,-8.28e-02,-8.00e+00,-8.81e-01,4.02e-02,4.71e-01,7.33e+01],\n",
    "[4.76e-01,7.07e-02,8.77e-01,1.04e+02,4.05e-03,9.97e-01,-8.25e-02,-8.05e+00,-8.80e-01,4.28e-02,4.74e-01,7.36e+01],\n",
    "[4.79e-01,6.98e-02,8.75e-01,1.04e+02,5.53e-03,9.97e-01,-8.25e-02,-8.10e+00,-8.78e-01,4.44e-02,4.77e-01,7.39e+01],\n",
    "[4.82e-01,6.94e-02,8.73e-01,1.05e+02,6.47e-03,9.97e-01,-8.27e-02,-8.14e+00,-8.76e-01,4.55e-02,4.80e-01,7.42e+01],\n",
    "[4.86e-01,6.87e-02,8.71e-01,1.05e+02,7.16e-03,9.97e-01,-8.25e-02,-8.18e+00,-8.74e-01,4.63e-02,4.84e-01,7.45e+01],\n",
    "[4.89e-01,6.81e-02,8.70e-01,1.06e+02,8.82e-03,9.97e-01,-8.31e-02,-8.22e+00,-8.72e-01,4.83e-02,4.87e-01,7.48e+01],\n",
    "[4.93e-01,6.95e-02,8.67e-01,1.06e+02,8.41e-03,9.96e-01,-8.46e-02,-8.27e+00,-8.70e-01,4.90e-02,4.91e-01,7.51e+01],\n",
    "[4.97e-01,6.96e-02,8.65e-01,1.07e+02,1.04e-02,9.96e-01,-8.62e-02,-8.31e+00,-8.67e-01,5.18e-02,4.95e-01,7.53e+01],\n",
    "[5.02e-01,7.31e-02,8.62e-01,1.07e+02,8.01e-03,9.96e-01,-8.91e-02,-8.36e+00,-8.65e-01,5.16e-02,5.00e-01,7.56e+01],\n",
    "[5.08e-01,7.89e-02,8.58e-01,1.08e+02,4.70e-03,9.96e-01,-9.43e-02,-8.42e+00,-8.62e-01,5.19e-02,5.05e-01,7.59e+01],\n",
    "[5.13e-01,8.59e-02,8.54e-01,1.08e+02,-7.22e-04,9.95e-01,-9.97e-02,-8.48e+00,-8.58e-01,5.06e-02,5.11e-01,7.62e+01],\n",
    "[5.19e-01,9.21e-02,8.50e-01,1.09e+02,-5.75e-03,9.95e-01,-1.04e-01,-8.53e+00,-8.55e-01,4.93e-02,5.17e-01,7.65e+01],\n",
    "[5.26e-01,9.65e-02,8.45e-01,1.09e+02,-8.79e-03,9.94e-01,-1.08e-01,-8.59e+00,-8.51e-01,4.94e-02,5.24e-01,7.68e+01],\n",
    "[5.31e-01,9.67e-02,8.42e-01,1.09e+02,-1.34e-02,9.94e-01,-1.06e-01,-8.64e+00,-8.47e-01,4.49e-02,5.29e-01,7.72e+01],\n",
    "[5.36e-01,9.55e-02,8.38e-01,1.10e+02,-1.99e-02,9.95e-01,-1.01e-01,-8.71e+00,-8.44e-01,3.73e-02,5.36e-01,7.75e+01],\n",
    "[5.42e-01,9.31e-02,8.35e-01,1.10e+02,-2.60e-02,9.95e-01,-9.41e-02,-8.76e+00,-8.40e-01,2.93e-02,5.42e-01,7.78e+01],\n",
    "[5.48e-01,9.10e-02,8.32e-01,1.11e+02,-3.22e-02,9.96e-01,-8.77e-02,-8.82e+00,-8.36e-01,2.12e-02,5.48e-01,7.82e+01],\n",
    "[5.54e-01,8.92e-02,8.28e-01,1.12e+02,-3.49e-02,9.96e-01,-8.40e-02,-8.87e+00,-8.32e-01,1.76e-02,5.55e-01,7.85e+01],\n",
    "[5.61e-01,9.29e-02,8.23e-01,1.12e+02,-3.95e-02,9.96e-01,-8.54e-02,-8.92e+00,-8.27e-01,1.54e-02,5.62e-01,7.89e+01],\n",
    "[5.66e-01,9.68e-02,8.18e-01,1.13e+02,-4.33e-02,9.95e-01,-8.77e-02,-8.96e+00,-8.23e-01,1.43e-02,5.68e-01,7.92e+01],\n",
    "[5.73e-01,1.00e-01,8.14e-01,1.13e+02,-4.60e-02,9.95e-01,-9.01e-02,-9.01e+00,-8.19e-01,1.41e-02,5.74e-01,7.96e+01],\n",
    "[5.79e-01,1.02e-01,8.09e-01,1.14e+02,-4.81e-02,9.95e-01,-9.11e-02,-9.06e+00,-8.14e-01,1.38e-02,5.81e-01,8.00e+01],\n",
    "[5.85e-01,1.03e-01,8.04e-01,1.14e+02,-5.13e-02,9.95e-01,-9.00e-02,-9.11e+00,-8.09e-01,1.14e-02,5.87e-01,8.04e+01],\n",
    "[5.91e-01,1.05e-01,8.00e-01,1.15e+02,-5.73e-02,9.94e-01,-8.81e-02,-9.16e+00,-8.04e-01,6.32e-03,5.94e-01,8.08e+01],\n",
    "[5.98e-01,1.03e-01,7.95e-01,1.15e+02,-5.77e-02,9.95e-01,-8.51e-02,-9.22e+00,-7.99e-01,5.09e-03,6.01e-01,8.13e+01],\n",
    "[6.06e-01,1.01e-01,7.89e-01,1.16e+02,-5.77e-02,9.95e-01,-8.27e-02,-9.27e+00,-7.93e-01,4.62e-03,6.09e-01,8.17e+01],\n",
    "[6.13e-01,1.01e-01,7.83e-01,1.17e+02,-5.86e-02,9.95e-01,-8.22e-02,-9.32e+00,-7.88e-01,4.57e-03,6.16e-01,8.22e+01],\n",
    "[6.21e-01,1.03e-01,7.77e-01,1.17e+02,-6.35e-02,9.95e-01,-8.15e-02,-9.37e+00,-7.81e-01,1.22e-03,6.24e-01,8.27e+01],\n",
    "[6.29e-01,1.04e-01,7.71e-01,1.18e+02,-6.39e-02,9.95e-01,-8.18e-02,-9.41e+00,-7.75e-01,2.18e-03,6.32e-01,8.32e+01],\n",
    "[6.36e-01,1.05e-01,7.65e-01,1.18e+02,-6.57e-02,9.95e-01,-8.14e-02,-9.46e+00,-7.69e-01,1.54e-03,6.39e-01,8.37e+01],\n",
    "[6.41e-01,1.03e-01,7.61e-01,1.19e+02,-6.56e-02,9.95e-01,-7.97e-02,-9.50e+00,-7.65e-01,1.15e-03,6.44e-01,8.42e+01],\n",
    "[6.44e-01,1.02e-01,7.58e-01,1.20e+02,-6.48e-02,9.95e-01,-7.85e-02,-9.55e+00,-7.62e-01,1.49e-03,6.48e-01,8.47e+01],\n",
    "[6.48e-01,9.91e-02,7.55e-01,1.20e+02,-6.09e-02,9.95e-01,-7.84e-02,-9.59e+00,-7.59e-01,4.80e-03,6.51e-01,8.52e+01],\n",
    "[6.52e-01,9.55e-02,7.52e-01,1.21e+02,-5.55e-02,9.95e-01,-7.83e-02,-9.64e+00,-7.56e-01,9.23e-03,6.54e-01,8.57e+01],\n",
    "[6.56e-01,8.87e-02,7.50e-01,1.21e+02,-4.78e-02,9.96e-01,-7.60e-02,-9.68e+00,-7.53e-01,1.40e-02,6.57e-01,8.63e+01],\n",
    "[6.59e-01,8.31e-02,7.47e-01,1.22e+02,-4.22e-02,9.96e-01,-7.35e-02,-9.73e+00,-7.51e-01,1.70e-02,6.61e-01,8.69e+01],\n",
    "[6.63e-01,7.74e-02,7.45e-01,1.23e+02,-3.65e-02,9.97e-01,-7.11e-02,-9.77e+00,-7.48e-01,1.99e-02,6.64e-01,8.74e+01],\n",
    "[6.66e-01,7.62e-02,7.42e-01,1.23e+02,-3.63e-02,9.97e-01,-6.98e-02,-9.82e+00,-7.45e-01,1.96e-02,6.67e-01,8.80e+01],\n",
    "[6.69e-01,7.79e-02,7.39e-01,1.24e+02,-3.71e-02,9.97e-01,-7.14e-02,-9.87e+00,-7.42e-01,2.04e-02,6.70e-01,8.86e+01],\n",
    "[6.73e-01,8.24e-02,7.35e-01,1.25e+02,-4.30e-02,9.96e-01,-7.24e-02,-9.92e+00,-7.39e-01,1.71e-02,6.74e-01,8.92e+01],\n",
    "[6.75e-01,8.58e-02,7.33e-01,1.25e+02,-4.84e-02,9.96e-01,-7.21e-02,-9.96e+00,-7.36e-01,1.32e-02,6.77e-01,8.98e+01],\n",
    "[6.78e-01,8.26e-02,7.30e-01,1.26e+02,-4.94e-02,9.97e-01,-6.68e-02,-1.00e+01,-7.33e-01,9.24e-03,6.80e-01,9.04e+01],\n",
    "[6.82e-01,7.98e-02,7.27e-01,1.27e+02,-5.21e-02,9.97e-01,-6.05e-02,-1.01e+01,-7.30e-01,3.36e-03,6.84e-01,9.10e+01],\n",
    "[6.85e-01,7.45e-02,7.25e-01,1.27e+02,-5.17e-02,9.97e-01,-5.36e-02,-1.01e+01,-7.27e-01,-7.35e-04,6.87e-01,9.16e+01],\n",
    "[6.90e-01,7.02e-02,7.21e-01,1.28e+02,-4.90e-02,9.98e-01,-5.03e-02,-1.01e+01,-7.22e-01,-6.02e-04,6.92e-01,9.22e+01],\n",
    "[6.95e-01,6.75e-02,7.16e-01,1.29e+02,-4.34e-02,9.98e-01,-5.19e-02,-1.02e+01,-7.18e-01,4.97e-03,6.96e-01,9.28e+01],\n",
    "[7.00e-01,6.45e-02,7.11e-01,1.29e+02,-3.26e-02,9.98e-01,-5.83e-02,-1.02e+01,-7.13e-01,1.76e-02,7.01e-01,9.35e+01],\n",
    "[7.06e-01,6.63e-02,7.06e-01,1.30e+02,-2.68e-02,9.97e-01,-6.69e-02,-1.03e+01,-7.08e-01,2.82e-02,7.06e-01,9.41e+01],\n",
    "[7.11e-01,6.63e-02,7.00e-01,1.31e+02,-2.42e-02,9.97e-01,-6.98e-02,-1.03e+01,-7.02e-01,3.28e-02,7.11e-01,9.47e+01],\n",
    "[7.17e-01,6.23e-02,6.94e-01,1.31e+02,-2.17e-02,9.98e-01,-6.71e-02,-1.04e+01,-6.97e-01,3.31e-02,7.17e-01,9.54e+01],\n",
    "[7.23e-01,5.59e-02,6.88e-01,1.32e+02,-1.71e-02,9.98e-01,-6.30e-02,-1.05e+01,-6.91e-01,3.38e-02,7.23e-01,9.61e+01],\n",
    "[7.28e-01,5.35e-02,6.83e-01,1.32e+02,-1.29e-02,9.98e-01,-6.44e-02,-1.05e+01,-6.85e-01,3.81e-02,7.28e-01,9.67e+01],\n",
    "[7.33e-01,5.47e-02,6.78e-01,1.33e+02,-1.05e-02,9.98e-01,-6.92e-02,-1.06e+01,-6.80e-01,4.37e-02,7.32e-01,9.74e+01],\n",
    "[7.37e-01,5.74e-02,6.74e-01,1.34e+02,-1.15e-02,9.97e-01,-7.24e-02,-1.06e+01,-6.76e-01,4.55e-02,7.35e-01,9.81e+01],\n",
    "[7.40e-01,5.34e-02,6.71e-01,1.34e+02,-9.17e-03,9.98e-01,-6.93e-02,-1.07e+01,-6.73e-01,4.51e-02,7.39e-01,9.88e+01],\n",
    "[7.42e-01,4.82e-02,6.68e-01,1.35e+02,-5.94e-03,9.98e-01,-6.54e-02,-1.07e+01,-6.70e-01,4.46e-02,7.41e-01,9.95e+01],\n",
    "[7.44e-01,4.42e-02,6.67e-01,1.36e+02,-2.81e-03,9.98e-01,-6.30e-02,-1.08e+01,-6.68e-01,4.50e-02,7.42e-01,1.00e+02],\n",
    "[7.44e-01,3.98e-02,6.67e-01,1.36e+02,6.08e-04,9.98e-01,-6.03e-02,-1.08e+01,-6.68e-01,4.53e-02,7.43e-01,1.01e+02],\n",
    "[7.45e-01,3.89e-02,6.66e-01,1.37e+02,5.03e-04,9.98e-01,-5.88e-02,-1.09e+01,-6.67e-01,4.41e-02,7.43e-01,1.02e+02],\n",
    "[7.45e-01,3.91e-02,6.66e-01,1.37e+02,-7.06e-04,9.98e-01,-5.78e-02,-1.09e+01,-6.68e-01,4.25e-02,7.43e-01,1.02e+02],\n",
    "[7.44e-01,4.14e-02,6.67e-01,1.38e+02,-2.36e-03,9.98e-01,-5.94e-02,-1.10e+01,-6.68e-01,4.26e-02,7.43e-01,1.03e+02],\n",
    "[7.43e-01,4.57e-02,6.68e-01,1.39e+02,-6.20e-03,9.98e-01,-6.13e-02,-1.10e+01,-6.70e-01,4.14e-02,7.41e-01,1.04e+02],\n",
    "[7.41e-01,4.91e-02,6.70e-01,1.39e+02,-9.66e-03,9.98e-01,-6.24e-02,-1.11e+01,-6.72e-01,3.98e-02,7.40e-01,1.04e+02],\n",
    "[7.39e-01,5.21e-02,6.72e-01,1.40e+02,-1.41e-02,9.98e-01,-6.20e-02,-1.11e+01,-6.74e-01,3.63e-02,7.38e-01,1.05e+02],\n",
    "[7.36e-01,5.31e-02,6.75e-01,1.41e+02,-1.60e-02,9.98e-01,-6.11e-02,-1.12e+01,-6.77e-01,3.42e-02,7.36e-01,1.06e+02],\n",
    "[7.34e-01,5.30e-02,6.77e-01,1.41e+02,-1.68e-02,9.98e-01,-6.00e-02,-1.12e+01,-6.79e-01,3.27e-02,7.33e-01,1.06e+02],\n",
    "[7.31e-01,5.17e-02,6.80e-01,1.42e+02,-1.80e-02,9.98e-01,-5.65e-02,-1.13e+01,-6.82e-01,2.91e-02,7.31e-01,1.07e+02],\n",
    "[7.29e-01,4.79e-02,6.83e-01,1.43e+02,-1.42e-02,9.98e-01,-5.49e-02,-1.13e+01,-6.85e-01,3.03e-02,7.28e-01,1.08e+02],\n",
